70 1190 3
48 72 78 89 44 93 6 51 64 70 35 57 69 14 37 79 1 87 49 67 16 95 26 17 42 68 10 38 56 52 80 0 91 27 28 4 99 47 96 59 55 46 94 88 19 45 62 2 98 13 85 84 66 65 53 29 22 83 92 58 11 23 15 33 74 61 77 43 50 31
41 33
39 40
56 61
50 25
26 50
21 49
6 60
34 66
66 32
34 47
11 70
52 22
62 43
27 45
42 25
58 49
55 36
60 67
1 14
9 63
4 66
59 31
16 29
66 68
29 1
12 28
50 32
53 44
6 19
21 9
51 67
42 60
13 48
40 12
20 37
2 44
38 67
49 1
20 18
11 67
23 14
6 32
4 30
20 12
36 8
53 40
40 3
2 59
33 63
66 59
41 22
21 36
67 3
4 26
7 51
66 14
54 45
14 46
7 44
12 37
12 43
14 35
61 44
62 3
6 25
50 23
29 45
55 63
43 64
56 57
66 12
50 60
62 10
24 46
40 2
5 31
53 7
47 22
25 70
18 46
5 23
8 3
69 48
43 33
62 51
16 19
56 40
45 67
17 21
7 64
36 35
6 9
26 48
62 22
58 60
19 22
5 36
41 28
54 31
39 60
7 52
44 31
6 10
42 2
20 31
23 55
28 3
1 45
4 37
40 8
1 70
9 45
9 14
24 17
9 43
56 12
9 67
21 1
42 51
11 58
2 18
33 59
3 70
6 29
24 12
20 60
1 30
58 59
58 28
11 52
69 52
17 25
68 3
23 67
50 37
29 40
20 70
58 40
49 40
59 57
41 15
54 35
29 69
7 33
21 47
24 33
7 8
55 66
61 8
34 1
37 3
65 31
21 54
21 18
10 32
58 63
52 3
39 8
20 58
47 13
36 68
53 57
62 15
19 3
25 37
40 68
19 57
4 15
64 46
67 46
16 60
10 38
19 30
55 19
17 62
5 46
26 31
2 13
65 3
2 25
9 46
24 68
33 8
34 14
49 52
39 63
38 13
5 33
69 31
66 37
36 69
56 35
16 1
4 65
32 47
38 3
42 13
24 5
53 61
19 15
60 70
16 52
34 38
17 61
23 66
39 5
62 60
53 6
34 22
55 44
51 33
61 7
16 33
6 35
62 44
62 33
69 38
41 63
44 48
16 25
53 42
64 31
38 64
35 13
40 31
61 37
11 34
39 46
62 20
24 51
9 32
62 30
6 8
5 41
21 13
61 62
61 35
14 47
7 45
26 65
54 67
34 15
11 64
42 54
61 58
17 66
56 44
36 13
11 48
18 64
54 15
33 38
5 43
55 52
17 14
25 59
53 67
61 9
7 68
11 66
50 28
6 40
30 38
27 38
34 70
1 46
26 15
5 30
7 42
3 22
43 37
9 30
56 49
53 12
62 36
42 1
39 3
24 7
68 60
68 13
39 7
4 43
20 45
4 36
27 64
26 51
23 36
40 25
40 70
16 58
15 13
36 43
52 65
14 22
24 53
53 31
18 32
4 47
10 30
24 50
49 63
41 52
24 66
62 8
6 3
51 47
25 13
40 43
4 32
16 9
5 8
56 69
58 13
26 9
60 13
7 28
56 54
32 3
27 59
28 63
26 17
50 59
53 35
1 15
41 31
68 18
28 59
12 44
62 42
47 63
52 63
41 40
26 44
4 23
9 37
51 46
51 35
16 2
43 38
35 46
61 32
61 42
62 9
50 21
53 49
61 29
39 32
36 25
19 32
53 5
23 57
32 57
50 65
35 27
20 59
1 33
49 18
14 32
39 47
25 57
12 68
33 32
16 23
56 34
43 59
24 3
56 43
65 45
53 63
24 6
38 70
36 66
6 27
56 30
21 66
41 13
56 38
53 45
6 51
38 15
29 25
59 8
45 57
52 31
10 15
34 68
1 31
58 32
12 64
10 13
11 10
7 23
42 52
21 44
58 43
70 57
54 37
44 64
6 38
24 15
23 44
23 42
55 18
41 10
8 60
55 2
3 46
65 13
12 48
28 22
51 8
70 22
56 21
5 54
21 62
51 25
19 2
12 59
12 2
28 25
9 35
36 27
55 9
33 13
19 28
68 8
39 49
26 46
47 15
58 52
20 68
23 43
41 68
32 22
37 70
34 54
41 44
39 14
24 63
62 63
41 25
56 13
23 19
9 70
12 38
17 51
55 15
5 42
39 19
33 45
7 12
50 43
47 31
23 58
33 18
53 8
24 41
49 51
29 55
26 34
62 45
54 38
17 32
29 34
6 30
4 67
20 69
44 52
14 45
56 66
50 18
7 37
69 22
6 42
65 15
7 14
68 45
26 10
29 27
55 48
16 31
35 67
40 38
4 38
41 38
17 43
67 57
69 18
33 65
16 68
39 38
19 52
44 70
9 59
4 31
49 57
69 37
11 13
50 54
39 28
39 61
29 54
19 54
32 59
25 3
53 34
53 27
22 63
16 8
56 3
23 9
11 44
41 64
62 40
59 63
36 48
66 27
55 65
53 37
20 54
27 48
53 68
51 69
5 14
43 65
12 15
42 15
8 46
5 63
23 27
53 62
1 60
19 51
27 32
4 58
45 46
42 28
6 28
56 55
56 9
58 12
2 38
26 40
26 62
41 3
5 45
40 19
21 27
35 25
38 31
35 65
4 44
17 69
21 69
23 10
7 22
7 57
68 25
34 60
29 66
42 18
26 45
54 27
16 10
21 3
24 25
39 69
59 22
58 30
29 52
54 46
68 22
9 19
29 62
49 14
10 60
53 55
24 67
1 8
39 51
11 50
32 60
24 4
4 60
41 51
55 1
5 12
49 69
58 70
29 30
2 46
33 25
35 45
66 48
30 13
51 32
61 10
29 19
6 21
30 57
50 7
69 3
38 59
19 63
16 7
29 49
26 37
55 3
66 52
6 70
15 46
42 64
61 64
12 3
59 70
6 22
39 48
35 33
10 63
28 48
30 48
44 59
2 30
7 48
4 20
32 64
69 13
29 22
6 68
62 67
61 65
6 43
42 22
39 33
62 68
49 43
4 21
20 42
10 8
1 47
61 59
51 30
5 7
49 38
66 15
54 30
43 30
66 28
9 57
61 51
26 14
54 18
53 47
6 41
42 3
31 57
35 32
36 40
14 64
4 45
10 44
54 2
43 8
56 7
42 38
36 46
39 37
59 13
37 65
7 15
23 65
51 1
42 10
30 70
21 59
14 25
49 27
5 9
14 30
7 36
68 51
69 33
16 50
69 35
24 35
52 32
20 49
40 48
21 10
49 10
53 51
68 70
10 31
39 22
23 48
50 55
50 19
4 33
66 10
69 57
47 8
16 62
35 60
42 14
30 67
51 44
40 64
43 70
55 25
26 39
39 18
42 48
16 4
1 25
4 61
66 46
28 15
24 39
34 43
34 30
21 31
12 63
28 45
26 49
19 65
50 17
17 65
56 31
5 21
1 38
1 65
29 64
16 40
39 12
40 57
7 13
27 15
16 42
62 18
26 7
6 63
61 67
12 18
11 61
34 27
11 25
31 46
54 63
37 60
4 51
68 35
10 51
7 9
40 22
67 13
39 68
61 68
25 60
26 30
17 5
20 13
38 46
16 63
24 44
9 42
20 23
53 41
58 31
66 57
21 38
5 3
58 34
17 54
36 59
49 37
36 65
16 17
44 57
53 15
7 31
21 52
18 15
53 54
69 60
53 30
41 27
53 26
50 10
34 12
68 44
39 13
21 46
61 12
49 70
59 15
24 65
17 12
17 13
52 13
7 65
55 27
27 30
7 43
12 22
58 25
5 1
19 10
56 46
39 1
12 8
58 64
53 17
11 18
2 57
5 61
1 67
2 47
23 49
24 62
52 8
66 69
34 57
42 57
34 48
26 41
28 37
61 34
29 67
16 55
66 18
11 4
26 23
62 55
37 46
51 70
17 2
9 49
36 52
52 48
12 52
51 13
17 42
61 69
62 31
47 67
36 38
15 70
42 44
39 27
11 55
65 57
30 60
39 23
11 37
59 67
26 64
65 48
17 15
42 67
11 59
56 10
55 13
53 29
29 57
26 33
43 48
29 44
30 45
52 37
9 36
58 33
41 35
66 1
43 18
36 32
62 23
58 37
53 43
24 11
17 68
10 18
26 43
34 33
16 65
56 42
4 52
27 25
36 64
58 36
54 64
47 65
20 33
21 37
50 6
5 62
42 47
50 49
29 12
21 68
58 1
68 65
19 48
56 39
24 58
16 49
32 8
9 18
34 69
66 44
27 65
55 10
59 46
6 61
36 22
11 47
61 21
54 28
39 45
25 67
61 15
4 2
17 28
12 30
14 48
21 32
50 20
56 17
62 37
31 3
29 14
50 45
20 41
55 60
34 8
11 6
30 46
17 64
34 19
62 46
64 37
58 8
49 2
58 18
36 47
12 51
29 48
68 27
2 64
8 15
4 35
17 1
53 46
1 3
34 52
10 14
33 46
50 29
17 3
14 13
68 48
41 8
21 45
34 64
16 57
7 63
1 27
24 40
58 46
68 67
9 2
43 3
11 19
1 32
43 31
58 54
34 67
49 42
26 70
32 30
50 47
20 9
11 46
14 60
43 27
67 48
51 57
35 22
31 22
54 32
16 45
39 25
23 60
43 22
39 67
39 55
34 10
21 58
53 66
18 8
50 3
42 45
27 46
44 67
20 67
11 32
9 8
1 59
53 13
12 67
6 58
1 18
32 67
56 48
34 46
12 1
1 63
50 46
19 13
5 69
29 28
24 61
24 34
26 27
58 3
32 45
47 48
18 70
50 48
5 67
68 59
40 35
24 38
56 1
7 59
26 1
29 68
34 65
9 15
33 31
39 30
24 55
65 67
24 70
20 22
55 49
2 37
43 45
10 3
52 30
17 44
21 15
16 39
34 45
17 58
54 14
19 69
9 25
53 56
51 3
69 15
17 30
6 49
21 35
56 68
49 48
40 14
21 33
53 69
62 27
66 42
41 45
50 15
28 65
56 45
26 19
17 48
50 22
51 31
18 57
53 64
18 37
51 52
23 12
28 31
50 44
20 32
61 22
17 57
6 69
45 3
49 19
32 15
30 22
14 70
54 70
19 35
56 62
61 49
4 42
54 13
7 55
69 54
56 60
19 47
21 12
40 67
61 28
29 21
62 59
39 34
13 57
67 63
10 1
62 25
5 59
4 19
4 29
68 31
15 22
61 14
47 59
36 14
25 31
11 63
20 63
16 61
55 51
33 47
52 18
41 46
49 59
2 65
49 25
6 66
16 28
21 22
6 46
53 20
20 14
11 23
40 60
26 38
36 67
9 31
26 18
66 47
2 28
27 31
20 47
37 15
62 47
20 30
48 63
55 8
6 48
28 18
12 35
33 15
9 22
31 48
26 20
30 8
17 49
24 23
29 59
36 42
65 59
39 21
66 63
37 13
40 33
9 13
47 60
55 59
31 70
55 46
14 52
11 26
61 63
49 32
42 35
47 70
50 41
4 18
21 30
24 36
18 45
2 27
24 10
28 47
S 28 47
C 1
M
