30 210 3
79 70 62 73 25 2 32 42 53 59 96 67 52 38 66 24 76 29 78 13 82 48 31 10 49 92 86 37 41 46
7 3
20 18
10 23
10 7
4 8
25 8
24 8
9 25
14 24
28 15
14 7
4 24
14 26
20 3
19 2
1 25
17 15
9 18
16 25
14 17
20 23
27 26
18 5
20 9
10 15
28 9
26 5
21 18
1 3
1 24
10 12
10 28
12 20
27 22
18 11
4 20
5 22
1 22
25 26
28 8
7 6
1 21
1 8
29 6
1 27
29 14
20 24
14 19
8 23
12 9
1 13
19 16
6 18
29 26
28 3
30 16
19 23
28 20
1 14
19 15
4 5
15 23
13 15
27 8
18 23
29 12
10 19
8 5
28 13
24 15
21 16
14 15
30 2
17 18
9 3
17 16
2 5
9 26
10 22
30 18
28 11
16 26
14 22
25 13
14 18
26 23
21 7
29 19
29 13
14 3
28 5
25 5
14 27
10 3
19 20
16 9
23 5
4 17
7 26
3 2
1 26
20 26
28 18
4 11
24 22
13 11
27 5
21 12
29 9
24 5
16 7
7 11
16 12
10 26
28 7
17 23
10 11
10 24
4 21
6 2
10 9
30 9
1 7
4 3
1 19
21 11
13 2
9 24
14 21
21 2
29 16
7 23
3 5
1 2
19 22
1 5
10 27
10 25
14 20
4 23
13 5
30 6
17 22
2 23
29 23
9 11
27 25
10 20
16 15
2 8
16 13
21 3
29 4
18 2
27 9
17 7
26 22
12 27
9 15
30 15
18 26
17 19
15 5
29 22
29 21
16 6
19 26
19 18
29 10
10 13
19 5
30 22
29 17
29 18
27 11
21 20
15 11
24 3
16 18
27 13
10 5
19 25
12 26
25 3
29 7
11 22
4 26
7 20
25 2
8 11
20 5
17 21
14 9
3 13
19 8
29 27
19 9
14 8
21 25
11 23
30 27
12 5
4 6
20 13
19 24
29 30
12 6
19 27
28 25
4 14
S 4 14
C 1
M
