100 2450 3
6 72 14 77 86 60 67 1 84 99 26 54 21 70 52 41 35 83 66 37 18 7 51 71 74 19 25 3 34 76 45 38 50 13 5 91 39 81 4 75 58 48 46 23 32 62 80 22 17 30 28 24 88 31 65 29 95 27 53 61 0 49 15 47 68 89 69 36 93 98 2 64 90 85 96 55 20 57 73 97 92 42 10 11 12 78 9 59 8 44 40 94 16 43 56 63 33 87 79 82
78 5
35 95
74 9
66 69
95 42
38 85
96 42
3 33
90 95
39 11
8 32
47 27
82 100
85 32
76 99
22 49
56 90
29 64
67 20
36 32
73 79
89 64
67 69
90 14
71 64
81 52
18 74
20 55
45 85
59 9
54 69
7 55
76 64
26 90
9 68
42 36
71 24
76 70
63 25
73 82
49 69
1 92
84 94
37 78
15 29
87 5
82 99
15 6
40 82
94 70
83 55
98 41
65 98
67 31
60 55
28 21
38 95
57 100
15 87
13 4
65 51
2 20
38 35
2 55
67 15
22 69
14 52
90 5
70 6
58 11
7 66
63 36
53 30
78 36
41 58
61 98
25 100
5 23
86 55
56 11
84 38
8 34
2 100
81 74
7 52
57 64
93 99
98 27
90 8
46 66
79 22
3 30
13 55
4 52
76 16
63 48
81 54
89 17
38 79
67 54
27 1
29 11
8 71
42 92
17 32
27 34
38 100
66 41
95 25
47 70
26 3
18 58
66 55
81 11
90 32
51 50
83 38
61 81
79 5
84 37
67 32
84 75
20 80
19 95
7 28
90 33
41 86
91 44
63 28
65 8
81 100
90 60
65 14
46 92
48 99
10 33
45 77
3 68
90 34
99 41
66 53
97 14
83 91
56 28
56 81
27 69
90 20
20 17
83 24
38 87
31 3
39 74
89 79
43 99
87 49
56 44
20 66
12 38
46 97
61 1
73 12
87 85
16 11
64 88
90 68
90 58
89 71
65 21
97 57
39 85
78 68
27 4
75 52
45 16
68 49
62 25
84 18
45 93
20 44
67 38
37 86
4 24
3 91
43 8
60 91
72 9
83 52
73 78
53 54
10 4
70 57
7 79
41 77
55 92
27 30
57 77
7 17
89 16
40 12
70 4
73 51
81 10
60 97
6 16
66 28
14 21
61 51
65 85
61 46
10 24
75 80
47 3
55 11
38 14
31 95
83 41
39 21
56 8
66 21
41 91
70 32
47 95
2 9
82 77
95 68
12 50
19 35
93 95
81 28
48 70
59 57
38 54
59 91
63 78
30 52
19 79
79 1
89 57
87 44
9 53
2 32
12 39
18 91
91 5
4 42
75 57
61 13
43 82
2 47
65 72
31 32
26 47
3 58
61 39
34 88
62 47
3 93
95 92
18 87
3 64
51 80
28 93
27 23
18 36
19 59
89 31
18 5
63 10
35 42
10 44
15 42
80 30
51 16
89 81
65 82
65 16
81 9
61 72
96 77
37 96
78 77
96 87
82 66
20 93
65 96
35 69
12 1
60 5
82 49
29 14
19 38
28 78
27 28
28 4
97 85
61 28
37 53
20 87
35 78
50 68
7 39
15 72
63 79
43 55
70 49
12 30
10 30
74 23
61 45
19 6
62 58
8 42
62 14
10 9
63 21
43 52
12 27
92 24
65 32
18 49
48 33
74 88
43 88
71 6
17 44
61 48
89 99
79 74
53 68
19 46
56 38
27 9
47 9
90 74
59 29
62 29
28 71
74 100
12 95
61 8
51 32
2 40
40 59
26 63
1 13
43 54
38 24
45 39
25 49
89 75
40 54
27 13
97 86
56 16
76 29
38 17
1 85
70 24
43 39
40 13
27 71
51 96
20 84
43 37
73 39
97 80
80 29
58 69
93 4
12 42
62 87
48 79
81 15
79 75
56 61
34 77
51 17
95 30
26 92
57 36
54 6
54 91
38 5
43 19
13 52
63 57
35 3
56 86
25 85
45 30
82 46
31 66
13 24
1 86
4 32
58 32
27 17
63 60
38 23
57 49
9 17
34 21
65 66
35 70
99 36
95 49
20 94
65 38
62 32
26 17
15 39
65 42
29 5
50 14
26 82
46 74
99 58
89 21
14 32
13 69
95 78
96 54
41 49
94 18
53 25
3 66
39 22
98 8
95 80
35 33
2 70
42 14
3 5
26 68
38 64
84 11
34 36
81 8
89 98
97 93
20 33
13 74
95 33
18 96
63 61
3 96
71 78
58 57
67 84
54 64
97 55
1 8
63 68
93 80
50 33
12 8
20 82
78 14
67 76
58 91
48 52
63 3
12 86
50 30
99 24
46 33
39 55
13 57
13 78
53 23
51 60
47 97
79 86
13 72
94 66
93 86
7 13
12 17
61 92
40 68
75 70
98 34
7 53
95 22
61 55
2 10
7 87
75 54
72 70
75 25
12 78
65 29
62 8
18 34
39 79
72 17
84 39
28 24
39 30
94 97
2 74
97 22
89 70
61 78
89 50
19 71
56 9
15 5
96 36
48 9
30 68
56 14
92 77
56 91
32 88
83 97
98 32
97 28
66 92
43 62
75 77
76 13
82 60
57 92
1 25
45 97
28 96
91 14
26 8
74 4
46 25
87 92
66 86
32 23
10 41
26 74
2 98
74 58
28 42
47 64
98 37
19 93
13 25
15 75
61 40
5 30
59 34
43 71
16 88
82 42
20 34
50 84
42 21
74 16
7 5
63 97
20 72
7 41
59 55
26 98
76 97
19 70
91 24
92 5
22 44
8 14
13 93
37 4
50 97
62 16
61 21
7 82
2 92
20 96
77 52
27 68
79 3
38 97
19 86
51 69
20 30
96 57
80 57
63 98
57 14
100 87
12 91
76 95
94 5
76 84
28 87
57 16
47 75
71 25
63 51
38 13
1 100
70 25
41 70
19 52
38 33
51 23
8 86
43 27
83 4
74 54
6 85
24 49
90 87
43 94
93 74
21 11
81 58
76 22
48 27
65 53
18 92
7 73
83 93
14 23
65 35
63 99
9 4
3 75
60 54
1 18
37 24
10 91
48 86
90 18
13 16
67 95
61 9
75 93
94 88
45 54
11 88
40 80
98 71
39 57
75 87
95 6
36 69
60 6
48 39
3 25
1 68
28 49
81 64
4 91
63 15
61 73
58 4
39 33
10 8
61 44
65 62
62 71
55 69
71 4
25 21
98 14
56 17
90 57
31 25
53 49
14 36
13 11
61 90
50 21
9 49
86 22
5 36
20 31
31 11
89 9
2 61
50 66
15 53
38 74
39 41
96 86
8 30
19 72
46 32
83 9
98 66
3 37
85 30
97 64
13 41
93 41
61 58
83 6
57 68
47 13
63 75
82 72
57 87
20 92
50 79
55 64
50 88
95 11
60 33
2 60
80 25
82 34
73 64
11 52
63 11
63 6
70 71
63 47
75 69
71 36
62 13
28 53
15 35
5 17
92 21
25 68
6 25
14 69
28 22
40 100
12 80
73 37
82 39
3 95
1 74
84 25
76 24
61 3
60 8
3 17
50 25
39 25
1 55
38 22
61 99
20 86
62 24
49 33
56 3
28 74
65 2
7 22
98 5
2 5
18 86
73 15
7 71
82 84
71 87
7 68
43 20
10 78
28 33
73 3
79 8
60 78
21 49
99 86
7 15
81 1
5 88
45 88
84 13
43 29
40 25
45 78
19 94
37 69
12 93
100 78
53 22
58 85
2 44
40 11
30 88
97 100
94 77
7 98
31 29
48 93
20 59
7 8
98 10
97 69
75 36
84 96
40 52
46 28
96 49
46 88
94 6
100 17
84 36
62 60
93 24
28 58
71 16
18 85
33 23
61 83
51 97
98 100
84 92
21 77
14 88
9 69
21 88
92 85
43 26
10 36
7 46
29 87
94 99
45 28
27 52
97 4
18 22
90 38
46 78
18 68
38 11
79 44
37 88
47 28
9 85
97 59
47 88
59 24
13 6
72 49
40 1
27 92
83 16
10 42
12 35
7 70
10 14
80 58
65 63
65 24
1 93
55 70
2 83
75 53
39 37
15 38
65 39
9 24
65 71
63 87
40 66
45 70
59 5
50 72
67 70
50 34
72 44
74 69
73 68
43 22
64 44
91 77
79 32
51 92
59 6
29 92
67 75
72 21
79 64
58 78
45 69
91 69
19 87
90 64
40 49
86 57
56 29
28 30
45 55
7 97
20 10
28 25
87 24
34 17
35 28
81 99
26 30
97 30
13 5
43 41
43 77
81 23
34 42
39 87
42 64
54 33
97 37
39 69
26 51
90 15
98 16
37 8
72 55
20 12
63 45
91 78
8 44
7 85
79 25
47 50
26 45
99 85
83 45
50 4
33 69
20 23
80 69
37 36
35 80
56 1
45 57
73 45
20 88
12 52
13 14
40 9
1 49
26 16
28 100
56 32
82 64
79 6
2 46
4 57
96 91
65 7
26 77
15 21
40 23
81 87
99 4
54 23
56 75
15 22
3 78
8 41
57 44
43 38
3 74
61 96
7 42
48 1
53 69
55 80
27 74
79 69
29 16
82 44
21 52
37 91
19 39
86 49
56 84
37 49
63 100
40 33
96 70
7 45
80 33
12 79
63 35
90 55
79 46
22 5
58 22
54 49
63 44
43 34
81 20
100 92
86 14
83 49
76 53
41 6
1 77
54 100
83 60
20 95
4 88
78 16
35 92
89 100
54 85
78 30
51 24
35 87
39 1
29 58
70 54
35 16
43 5
19 80
7 2
80 32
56 92
95 64
79 87
80 34
54 25
46 23
20 29
81 94
9 55
63 93
54 57
6 17
61 54
24 36
51 35
66 36
13 87
56 23
2 22
55 58
2 14
91 64
27 46
89 3
27 94
46 4
28 8
82 5
81 84
72 8
19 34
6 64
79 91
73 83
61 79
1 88
22 14
18 24
38 70
31 46
98 30
17 24
56 59
63 71
13 53
39 97
81 14
51 87
90 30
26 69
89 36
43 24
7 1
84 68
31 68
100 16
41 80
61 6
81 5
51 22
89 74
60 21
15 58
33 11
12 6
65 52
72 85
98 82
74 29
82 13
2 39
3 53
76 44
50 64
41 25
46 24
72 14
65 93
17 11
53 32
22 16
89 85
9 57
94 69
3 70
81 98
7 27
83 36
58 77
46 34
56 58
2 64
81 79
83 31
79 18
75 49
27 3
62 51
79 66
35 6
89 76
55 100
26 21
89 52
4 49
53 24
56 52
22 77
12 94
11 69
72 57
47 52
2 76
76 8
67 1
46 44
29 4
65 78
66 5
40 35
28 14
70 68
43 92
98 38
12 41
4 16
14 33
54 58
51 66
78 32
39 16
98 49
84 79
76 72
2 17
31 86
13 64
48 3
38 96
60 53
84 85
89 49
62 37
48 10
19 8
8 33
84 3
3 44
9 92
2 90
57 23
94 53
10 6
10 37
48 96
94 87
86 24
65 19
10 52
50 100
86 5
84 17
65 1
29 24
83 23
71 77
55 91
19 92
46 85
15 85
15 91
89 95
8 58
15 36
1 71
20 41
87 64
47 96
2 88
59 69
100 44
90 4
54 77
61 35
62 61
28 23
99 32
86 17
27 39
74 49
2 84
48 34
72 75
64 77
66 34
89 53
59 32
14 77
18 59
47 57
31 22
66 54
92 44
31 52
43 75
19 29
37 80
40 96
86 44
46 71
63 24
5 64
15 1
79 93
48 4
95 53
56 39
61 69
48 37
93 34
74 44
56 15
2 93
72 22
50 74
6 4
73 41
12 96
76 36
26 71
57 5
67 9
51 55
91 16
65 68
5 21
12 18
86 70
87 16
31 4
93 64
76 1
74 64
98 52
2 1
8 78
84 42
55 52
43 56
45 27
69 77
65 18
36 44
74 55
62 5
55 22
55 16
56 40
56 88
7 40
90 80
81 35
75 5
72 53
82 85
89 97
7 56
73 17
74 5
89 29
96 29
66 32
45 18
40 44
61 19
93 85
67 78
96 88
98 28
43 63
94 100
73 98
61 82
48 38
68 88
10 77
27 36
81 95
78 88
63 8
48 57
85 44
89 18
2 29
38 8
63 84
38 42
35 96
18 16
73 94
99 9
49 52
74 92
85 77
1 91
62 93
76 14
19 99
50 55
56 55
43 93
4 21
35 41
38 78
47 10
71 80
45 10
83 29
46 75
51 59
43 90
29 57
43 65
79 99
2 16
45 53
83 51
89 61
7 90
62 54
94 21
6 24
1 42
45 47
65 3
45 66
12 28
94 1
53 85
61 64
60 9
99 44
58 68
59 49
82 11
6 57
27 8
19 10
5 77
31 87
95 41
17 21
76 75
29 22
1 69
58 17
2 85
89 30
62 94
9 91
40 79
93 33
67 77
56 24
2 13
58 92
86 52
51 85
81 27
51 21
79 58
7 11
71 29
3 72
8 5
83 80
13 85
67 80
62 68
72 54
50 87
46 69
7 75
54 71
67 34
2 8
40 55
37 44
1 80
91 100
39 58
67 19
61 5
50 57
25 36
81 31
43 16
98 25
16 49
84 34
69 52
66 25
43 100
72 42
45 24
39 91
74 57
92 78
89 84
3 92
75 8
96 100
84 74
3 42
98 96
73 93
73 70
39 14
90 24
2 81
55 30
98 87
62 6
60 87
78 33
1 44
36 11
6 52
66 24
89 33
56 20
2 96
65 56
83 14
87 21
99 57
63 73
62 45
98 72
62 92
55 17
81 57
90 23
96 78
66 80
18 41
74 42
56 30
9 32
96 30
27 54
46 86
61 33
50 41
31 100
71 17
81 49
39 52
20 76
65 28
12 64
89 78
2 68
35 49
48 72
20 42
17 23
82 32
26 53
92 49
18 13
90 81
26 55
60 36
12 58
48 17
62 33
74 96
72 32
55 29
2 69
5 68
84 54
67 92
45 23
13 88
43 95
6 80
39 80
18 100
35 37
38 93
10 66
3 22
60 37
59 54
3 4
50 18
87 33
20 5
46 95
20 79
9 16
2 12
86 33
82 70
61 57
26 25
63 9
13 30
81 75
40 16
43 72
28 34
75 4
72 28
98 60
43 47
43 12
45 82
18 80
18 77
37 71
57 30
94 41
19 50
81 16
29 78
1 64
81 12
74 59
61 100
76 27
59 95
10 72
67 46
87 30
40 27
25 24
14 64
97 53
90 50
50 96
81 69
67 56
7 100
31 96
27 99
62 75
7 10
41 14
83 34
17 68
60 92
86 68
54 68
47 85
90 78
64 85
63 85
84 53
17 85
47 5
74 68
51 29
2 34
82 12
35 59
99 8
17 69
38 18
9 23
82 97
80 85
86 64
31 37
35 75
65 40
39 59
83 78
51 52
53 70
79 70
96 24
1 96
67 74
82 33
82 1
26 50
93 37
27 96
31 41
8 21
83 53
9 71
72 74
30 49
25 44
62 35
41 17
89 59
85 23
84 55
63 30
46 52
38 34
55 5
81 22
56 82
27 72
47 46
2 24
73 66
39 53
94 58
47 22
91 87
45 71
7 37
7 30
31 78
6 88
12 4
34 64
93 16
27 58
76 21
76 49
2 18
48 42
31 27
65 89
50 46
62 84
99 14
41 92
63 92
92 33
56 80
45 25
27 93
98 86
66 14
76 91
79 23
97 88
25 32
4 68
74 17
10 93
70 11
29 85
96 55
46 54
31 14
28 55
15 99
24 16
2 99
76 92
66 58
79 9
13 91
94 22
63 96
72 58
28 5
53 34
65 34
58 16
51 74
65 17
5 32
34 100
75 30
3 85
63 76
28 57
94 72
89 93
67 82
89 13
49 88
13 8
65 81
40 10
55 68
62 100
62 31
38 4
63 42
13 75
93 88
26 9
42 16
46 22
59 53
84 23
90 21
65 69
32 52
20 77
35 46
40 84
90 99
73 27
45 92
38 80
1 58
66 6
9 33
55 87
93 42
89 34
7 89
15 54
76 47
47 48
96 58
61 41
56 4
31 49
73 38
35 30
41 69
89 10
91 34
60 49
59 21
76 66
81 77
9 44
46 5
84 22
95 52
51 5
79 72
7 48
95 88
71 22
41 30
48 22
73 47
91 88
46 80
83 18
1 75
80 21
100 88
98 84
7 59
86 80
35 66
95 71
81 34
84 28
74 53
16 44
71 44
7 36
46 29
63 49
28 36
94 37
79 17
56 12
10 57
81 6
70 87
39 8
11 23
96 11
75 17
13 80
92 32
84 16
99 16
74 80
89 62
40 34
67 17
8 95
20 51
75 42
31 59
72 93
9 88
53 64
82 18
58 87
6 68
60 30
51 49
49 11
48 32
20 49
63 40
73 49
21 44
15 37
1 23
75 44
56 78
61 30
28 29
93 77
73 13
45 44
84 100
75 55
99 64
12 47
93 70
25 52
48 28
39 71
15 64
26 27
31 72
72 68
80 77
14 68
48 95
99 33
58 42
48 6
2 25
35 86
97 72
14 16
53 29
19 100
81 88
31 8
26 19
48 16
25 87
76 42
47 74
21 68
43 68
66 9
70 85
85 69
39 68
60 96
63 39
71 92
27 95
82 36
19 41
39 94
56 35
12 23
63 20
7 33
42 88
51 71
40 17
93 68
8 92
73 59
72 41
94 96
67 64
40 5
39 99
97 11
96 33
43 21
28 9
6 34
82 30
81 18
81 46
85 21
45 72
46 99
48 44
78 11
18 8
18 52
93 91
94 11
65 23
32 44
79 13
99 6
81 73
72 30
35 8
3 77
15 41
78 85
2 77
60 47
71 30
28 86
63 37
29 49
26 99
63 22
5 52
84 72
39 29
30 11
63 81
12 21
40 24
22 23
66 75
48 18
62 70
26 20
8 57
10 28
46 6
45 13
58 49
65 64
89 35
60 59
10 68
62 91
65 4
66 96
37 68
67 7
76 37
10 17
96 85
84 57
1 14
63 90
74 33
26 76
51 31
90 48
71 32
10 35
61 94
39 13
15 27
72 24
19 85
15 70
89 55
9 78
15 23
7 72
50 49
61 84
65 58
40 78
18 25
60 32
59 77
63 17
98 92
98 47
38 41
13 23
39 28
31 55
59 8
48 69
18 30
19 25
38 92
12 87
18 37
67 87
27 75
4 64
79 80
86 36
15 28
8 54
54 21
20 8
87 17
97 87
15 95
59 87
59 88
72 52
58 5
84 14
97 3
40 38
13 95
81 48
22 30
12 57
22 64
26 29
45 48
62 96
48 54
47 38
48 31
74 86
37 17
25 11
26 72
35 53
19 53
66 88
99 34
51 14
73 1
53 77
46 14
99 92
92 11
9 87
36 77
86 78
83 5
95 54
89 73
40 77
98 78
82 79
63 70
46 58
90 35
7 4
93 69
20 48
90 86
19 88
39 34
51 86
63 82
46 21
85 33
86 23
20 9
86 91
67 60
10 27
56 89
18 70
3 24
55 21
43 33
75 23
37 33
89 5
62 88
67 71
40 18
90 42
18 29
37 95
89 51
47 69
54 36
65 99
61 88
14 24
75 86
35 32
95 87
93 57
84 70
12 13
61 68
94 13
40 41
90 44
55 32
67 3
39 18
2 57
41 4
12 31
57 34
70 5
56 100
4 34
10 5
46 100
98 94
75 68
96 53
60 34
13 68
65 50
28 32
43 51
89 87
43 1
1 16
81 83
50 58
83 69
81 80
56 72
14 85
45 3
55 23
66 37
19 12
45 76
21 23
95 85
20 100
42 87
82 96
85 36
42 85
38 58
72 34
50 27
26 89
2 53
94 57
12 68
93 44
24 11
68 23
7 25
40 37
73 31
45 58
63 58
80 16
7 47
22 52
55 4
43 96
65 92
27 59
35 23
23 44
23 88
97 6
89 90
6 44
19 55
34 52
54 14
45 22
98 40
31 9
53 78
82 25
67 33
86 32
37 70
41 57
83 79
30 33
18 11
20 78
51 13
66 33
40 22
8 91
62 59
65 33
8 87
67 27
90 72
91 30
8 25
73 55
12 85
87 78
83 64
83 87
55 85
10 11
18 9
63 23
63 12
74 30
56 31
6 23
59 86
84 52
56 34
18 64
18 78
76 80
35 74
41 5
72 29
47 58
62 10
12 5
80 14
86 4
53 6
33 44
66 70
31 80
19 37
26 52
43 79
98 79
97 92
71 34
20 27
20 47
1 11
6 5
51 1
16 68
73 75
73 20
12 10
31 16
90 100
45 74
82 75
95 32
62 34
1 57
45 21
94 49
13 33
95 69
62 83
62 1
47 16
95 57
51 94
7 32
40 51
99 78
63 80
63 52
67 93
15 76
9 86
65 10
27 33
45 5
43 73
42 49
19 1
19 54
80 68
73 18
6 78
81 82
2 78
28 52
13 70
45 87
93 54
7 14
47 34
35 36
40 30
7 95
63 64
35 93
3 21
60 58
2 21
43 64
55 49
93 71
84 87
61 66
82 14
51 100
46 49
48 49
83 66
96 92
26 31
7 50
13 49
2 58
31 64
67 4
89 2
49 77
67 16
19 21
79 95
76 57
20 74
47 29
31 24
60 14
71 52
12 84
91 17
48 41
66 18
4 85
25 42
56 70
37 42
12 49
56 49
28 41
73 53
66 23
97 36
40 97
55 36
82 53
56 83
95 16
92 23
8 88
39 46
4 33
59 68
61 23
65 12
12 16
43 89
84 99
37 5
2 54
38 86
93 17
7 20
89 20
15 52
19 83
45 75
8 85
65 57
38 75
90 37
81 4
90 51
81 93
48 25
73 99
94 29
22 24
73 71
56 42
26 15
81 91
2 59
12 97
54 87
43 70
73 9
53 57
100 21
63 33
98 21
20 1
83 33
40 64
65 47
15 97
37 59
82 31
4 78
47 6
60 75
40 75
15 4
76 51
89 83
20 75
50 99
100 36
26 37
75 92
9 41
29 36
50 35
39 6
81 41
6 100
90 39
43 87
31 97
85 16
56 98
73 69
39 72
66 78
90 75
63 50
7 78
14 49
93 59
70 23
26 35
18 42
90 28
8 68
19 73
84 64
46 41
91 68
76 4
31 34
27 79
38 55
38 16
44 77
81 29
38 6
10 58
51 33
60 44
15 46
75 78
65 91
10 54
99 70
37 99
60 48
31 74
67 24
37 92
8 49
48 87
31 84
47 78
39 9
89 60
10 96
82 48
2 91
51 25
74 77
45 17
1 17
50 94
19 96
68 44
94 33
34 5
S 34 5
C 1
M
