60 870 3
43 7 71 83 22 25 26 70 54 24 61 40 67 84 74 21 46 50 63 65 3 9 76 19 23 88 28 18 44 59 2 41 36 86 49 56 77 92 5 39 14 93 11 58 85 64 13 29 69 20 81 4 66 48 38 90 45 68 8 95
31 5
38 5
49 5
27 21
35 4
50 52
43 48
43 58
22 55
13 26
2 17
31 29
50 40
19 1
60 23
1 33
2 57
46 51
50 14
14 44
8 9
41 10
38 4
41 52
37 23
39 32
19 41
34 33
11 33
16 57
50 10
18 28
16 52
20 29
22 52
19 59
52 32
24 33
55 25
47 26
5 12
6 25
53 14
17 29
7 25
40 28
47 11
17 23
21 15
3 5
34 45
40 10
45 52
11 10
13 21
20 9
24 23
11 60
59 43
41 17
27 10
35 12
20 25
38 20
13 15
35 58
56 54
20 32
24 60
45 14
3 54
56 57
49 30
59 25
13 51
19 4
55 14
11 56
49 18
6 53
49 51
46 31
6 2
47 22
8 32
45 1
51 32
47 18
15 54
50 25
15 53
37 56
46 55
6 21
36 55
3 1
3 53
51 57
8 6
19 55
8 47
60 39
21 52
57 32
15 29
48 42
46 58
32 25
7 12
52 23
19 30
22 39
14 26
20 7
11 4
57 30
3 7
7 39
50 18
51 25
11 32
17 32
11 30
13 5
59 42
40 15
20 27
15 26
47 41
49 22
47 42
52 17
31 14
51 14
11 52
8 30
7 4
43 37
36 37
56 29
7 13
51 18
47 17
36 43
7 32
38 30
48 54
21 4
48 40
60 17
2 5
59 35
38 33
51 10
22 51
19 43
17 28
19 31
46 9
34 42
31 15
43 1
49 13
7 17
20 53
30 14
11 43
51 41
31 39
7 2
33 14
48 57
48 23
8 48
8 5
34 57
40 30
42 26
24 9
21 32
46 17
34 53
43 9
37 33
47 51
38 51
18 23
52 26
51 60
52 10
33 17
6 10
7 48
4 42
52 30
11 15
46 42
31 12
45 13
7 9
53 26
36 33
40 5
49 39
48 25
24 49
18 32
26 44
20 4
37 60
13 55
2 32
16 32
48 39
57 55
13 18
3 2
22 32
9 17
41 28
38 46
24 41
22 9
49 58
33 23
31 42
27 41
45 30
6 54
21 58
1 26
40 1
50 9
22 43
19 32
35 25
21 10
48 52
37 58
49 54
24 14
31 41
34 54
3 46
52 14
49 7
20 42
20 1
59 48
8 22
57 26
45 35
47 46
2 26
55 10
36 32
22 16
1 44
36 27
8 54
6 12
19 53
58 55
5 28
4 32
3 52
7 60
7 54
51 21
7 37
3 16
55 53
53 54
8 53
27 14
13 60
3 60
8 13
35 57
7 43
7 40
58 30
34 56
31 26
51 12
8 2
2 9
7 16
24 18
43 55
43 56
47 24
22 37
2 4
6 7
3 48
38 22
13 42
8 16
31 52
22 45
50 29
56 28
52 58
37 5
41 54
21 60
40 60
34 26
59 18
30 25
11 28
59 44
59 31
38 24
48 29
45 5
46 45
20 33
45 28
19 12
47 52
50 2
3 32
60 57
2 56
59 4
11 42
40 27
26 54
46 7
45 23
47 55
45 56
46 53
19 56
59 30
41 26
60 29
5 32
47 49
7 26
37 14
6 57
8 37
52 15
47 20
60 10
11 37
9 15
49 48
50 20
37 13
41 53
50 46
59 29
48 4
1 15
19 54
38 50
27 23
8 41
38 32
45 41
29 10
3 21
20 51
3 12
21 44
11 16
45 25
34 10
41 5
59 27
6 52
55 12
22 18
46 28
30 32
11 22
12 25
34 37
60 58
8 4
3 40
59 21
7 55
9 44
60 12
34 13
27 55
37 40
18 16
51 28
34 41
13 10
26 12
60 53
45 17
17 42
37 21
46 13
40 21
21 55
11 44
21 18
11 58
51 44
37 51
46 1
2 16
37 35
24 25
55 26
1 4
38 42
46 35
49 56
58 17
16 28
56 23
27 15
6 13
4 53
58 14
5 54
8 46
47 32
40 58
23 54
46 57
20 60
43 12
11 38
43 18
4 23
42 55
8 3
16 30
3 58
15 32
24 58
47 38
12 54
34 21
1 29
46 36
15 55
33 16
22 5
57 29
49 36
43 23
3 29
17 10
59 54
19 25
51 39
20 40
27 25
36 42
18 42
51 26
1 42
48 33
20 22
39 12
9 42
41 14
24 42
43 25
39 25
59 33
37 17
26 25
46 26
43 16
43 42
50 26
55 54
51 33
36 18
5 14
49 23
35 28
6 48
43 44
22 28
5 42
38 18
35 44
19 17
52 29
19 42
16 53
42 32
6 28
33 12
18 53
27 33
2 55
31 43
5 4
22 15
9 57
11 39
11 23
48 21
58 53
24 27
43 13
24 45
2 37
13 39
37 57
37 26
27 44
3 39
35 23
53 28
45 39
59 55
11 1
38 49
22 58
24 34
55 29
37 32
24 51
22 27
33 28
16 14
56 12
8 28
36 58
47 13
47 31
20 16
53 12
6 33
2 21
56 18
57 53
37 9
9 39
13 12
24 6
56 25
8 49
60 14
34 2
24 12
36 29
21 29
59 34
6 20
3 55
50 15
1 56
46 5
9 30
19 58
59 1
44 54
53 23
30 54
59 41
38 57
29 12
49 28
19 57
28 54
59 26
33 15
34 15
19 15
4 14
30 23
37 42
1 32
21 28
16 12
32 26
4 10
9 23
38 14
31 37
29 23
26 10
27 12
27 42
16 4
22 48
20 2
27 29
34 35
39 14
33 26
30 28
36 40
42 29
40 39
7 18
8 1
22 31
38 7
11 17
34 52
13 41
21 35
35 15
7 36
46 41
47 3
19 51
19 52
8 50
7 27
21 41
60 35
45 26
8 31
8 55
24 37
21 9
2 14
3 57
50 45
21 25
2 36
8 29
51 54
50 22
40 14
59 9
48 28
53 10
8 51
33 39
60 18
3 42
50 21
3 51
46 27
20 26
37 30
5 23
49 55
8 42
41 30
11 24
13 4
49 41
36 53
35 26
48 9
19 24
51 30
35 17
14 28
59 10
60 55
3 22
38 54
57 10
3 56
50 43
24 4
13 14
47 43
46 54
1 13
24 52
41 15
52 12
19 38
24 40
31 21
31 53
35 42
4 17
3 35
59 22
49 45
35 30
6 22
33 4
38 52
6 51
9 4
49 27
43 32
49 32
27 57
22 30
5 58
45 18
49 60
47 21
59 36
9 10
51 15
12 44
46 39
9 16
17 54
11 45
45 54
2 12
37 12
31 9
27 58
42 54
38 41
7 41
22 33
1 16
43 15
47 10
43 17
1 41
15 57
2 52
46 48
19 21
40 4
36 16
50 36
24 29
40 35
38 59
1 58
51 29
8 44
37 53
59 32
43 60
5 10
49 17
4 54
59 20
6 16
22 44
31 56
20 57
49 34
59 52
46 32
1 28
49 15
47 56
4 29
48 16
38 34
58 10
36 12
3 31
27 9
41 29
48 51
59 46
8 38
9 28
48 5
27 17
41 33
46 43
16 17
8 21
50 33
43 26
28 10
7 52
19 9
24 2
8 12
60 33
2 43
49 6
18 12
50 34
21 39
50 13
31 4
52 53
21 42
59 39
19 28
2 54
56 58
2 23
60 9
39 42
5 57
58 15
48 56
56 39
5 30
9 18
24 35
21 57
32 23
1 9
31 57
47 33
27 35
11 57
3 20
9 54
45 9
38 25
36 21
50 48
46 56
11 7
46 14
3 59
43 28
53 44
13 23
15 28
6 23
40 26
27 60
7 28
8 7
41 58
20 55
36 60
36 23
38 58
18 15
37 18
38 43
19 6
38 40
19 44
22 1
38 9
1 5
3 49
22 12
45 36
11 13
19 7
7 44
40 18
34 22
59 13
31 40
56 4
14 23
13 35
6 45
45 16
16 44
13 30
16 25
36 35
3 4
40 32
33 54
37 55
8 14
2 44
6 44
15 42
45 33
29 44
16 55
S 16 55
C 1
M
