90 1980 3
31 17 99 97 52 5 54 23 41 43 88 60 68 55 62 64 81 98 69 78 38 3 51 49 94 4 30 34 67 29 61 33 65 19 1 14 35 79 11 84 76 91 45 0 63 77 32 22 74 12 59 47 18 36 39 40 53 13 6 7 25 87 90 16 26 28 37 86 10 92 42 48 44 46 75 24 72 85 71 20 95 80 83 82 8 9 93 89 27 96
67 34
62 11
51 89
88 87
31 56
74 36
3 37
38 11
62 33
73 13
10 33
9 63
23 84
18 58
65 68
47 41
53 44
35 11
42 29
51 14
52 85
47 86
81 80
42 64
35 70
35 8
62 34
9 86
53 62
67 38
30 1
5 36
41 88
52 33
22 62
20 7
47 70
88 29
52 8
72 88
49 72
6 11
42 1
77 29
68 6
82 33
80 71
9 88
42 16
9 38
72 48
67 57
19 29
79 7
25 20
81 84
78 12
49 29
89 20
68 87
22 52
79 23
63 76
19 61
33 7
63 33
80 2
40 4
40 76
75 36
25 71
76 29
53 4
9 69
3 57
18 52
55 45
59 26
43 74
43 59
47 36
51 80
58 36
41 83
30 82
63 60
19 36
4 7
67 74
3 38
67 43
22 13
27 90
77 17
68 37
48 11
16 64
10 75
35 20
75 83
41 66
49 36
17 36
86 87
3 43
9 32
76 70
46 49
49 26
6 64
34 1
12 2
72 47
40 13
49 75
52 77
42 89
63 80
22 39
86 17
57 17
72 38
68 4
44 11
55 29
12 34
22 15
53 54
64 14
19 45
27 52
57 36
25 47
65 41
81 17
20 24
76 69
36 64
53 45
32 62
73 59
12 80
28 29
57 37
55 59
67 4
27 8
68 12
84 7
27 5
68 7
10 83
2 44
46 70
21 16
35 41
44 24
41 26
45 87
21 42
35 71
61 56
34 56
46 74
86 75
19 38
57 8
5 33
85 36
49 67
78 74
78 37
84 44
30 14
78 7
16 84
63 70
27 56
79 56
58 90
80 54
54 38
21 41
13 86
63 89
4 82
35 75
36 29
40 53
30 36
18 38
71 87
15 45
19 41
4 77
81 86
79 14
74 2
55 70
25 5
25 41
28 27
25 80
32 75
19 81
46 21
75 1
40 69
54 87
73 77
37 45
73 67
77 64
9 31
77 14
67 45
72 83
53 26
18 89
3 35
41 59
75 39
19 57
59 50
79 44
25 42
28 6
46 80
54 69
50 29
18 33
55 47
78 71
56 1
28 52
67 16
23 39
73 69
22 46
3 7
38 7
17 66
31 77
27 75
72 7
67 15
31 1
5 82
78 30
47 34
25 31
6 89
19 20
36 87
55 73
19 82
33 50
90 7
60 38
32 6
65 87
9 12
22 3
32 36
51 34
5 87
78 70
76 58
31 32
61 10
66 26
21 73
88 90
83 87
22 56
9 54
51 9
56 24
25 45
36 56
3 5
41 70
60 35
85 84
25 23
25 50
67 42
68 53
37 11
27 34
81 59
19 76
58 70
37 50
73 29
57 61
35 69
6 76
17 39
51 16
35 36
3 36
28 63
8 29
53 75
31 4
67 29
59 14
27 30
65 72
51 76
53 20
47 81
31 18
80 7
18 13
55 84
45 17
3 89
63 44
51 39
53 74
23 76
22 49
49 70
40 52
25 13
49 85
10 88
27 29
85 26
27 24
76 87
15 50
80 26
46 90
17 14
32 60
23 77
84 11
12 90
16 75
63 26
55 18
63 43
68 15
81 56
74 41
57 45
18 24
15 74
18 76
63 85
78 76
28 8
3 26
22 81
51 52
15 77
23 17
23 71
73 81
27 32
34 66
55 6
58 33
12 36
40 33
10 34
57 11
6 33
30 38
28 87
32 87
9 80
67 81
28 38
6 70
6 90
23 62
25 89
6 44
74 17
21 68
48 24
42 30
23 70
40 63
86 64
23 86
90 8
27 23
3 13
79 45
21 72
86 69
57 10
78 84
3 77
67 78
37 89
63 8
78 45
22 26
83 24
9 2
22 20
4 59
72 85
52 88
32 35
81 2
86 10
74 23
82 26
63 58
13 4
21 17
22 90
76 11
49 27
19 89
31 44
76 33
19 50
31 13
46 12
60 39
49 65
67 90
69 24
13 60
61 44
6 48
32 37
26 71
68 66
67 32
90 1
19 46
47 4
47 18
11 56
28 44
16 62
32 53
3 11
62 69
51 54
28 41
46 24
3 83
81 71
52 76
82 69
76 56
81 66
13 8
40 37
85 69
75 11
19 2
68 82
85 2
32 82
15 66
22 77
46 27
68 44
73 53
6 36
68 76
57 12
55 49
73 34
27 74
22 43
35 45
15 37
44 69
70 24
43 62
49 86
76 59
13 83
49 76
33 66
21 18
40 20
86 26
42 38
59 70
58 8
31 12
33 26
4 56
30 60
39 70
6 14
1 71
53 13
79 50
75 71
28 71
53 70
6 41
5 88
78 4
65 78
16 33
61 1
9 7
5 50
28 10
81 75
77 82
16 11
57 7
51 61
75 54
25 84
63 2
66 90
52 50
80 8
65 10
46 34
77 69
32 41
86 77
47 85
31 16
22 31
60 37
49 24
75 56
67 2
35 1
47 63
33 56
55 42
49 53
42 59
47 58
72 89
27 70
46 8
30 5
28 13
27 65
74 58
55 4
5 13
23 24
57 71
9 79
72 78
73 61
57 23
9 24
5 75
27 78
7 87
19 13
2 14
31 23
76 20
40 56
9 43
65 15
12 54
49 44
23 38
64 50
22 75
42 24
63 41
22 14
9 47
75 24
47 60
33 71
46 41
40 83
84 82
19 69
51 44
12 86
26 69
56 14
34 8
67 23
7 14
28 67
11 29
17 70
30 83
42 12
47 26
51 23
28 20
68 24
18 23
74 16
25 76
28 73
32 61
67 44
42 13
53 8
47 62
17 34
26 7
31 66
3 1
55 31
16 45
27 17
73 62
21 24
16 1
68 70
4 35
53 66
51 31
89 33
19 17
40 41
72 52
49 78
40 81
43 75
28 53
81 62
36 70
72 1
6 59
18 54
37 1
27 68
51 57
38 14
61 33
52 74
84 1
82 36
56 7
18 43
26 24
31 48
30 69
60 24
52 36
89 17
17 87
74 62
21 36
75 7
80 50
27 2
77 44
43 44
76 36
12 29
3 67
45 8
47 82
30 80
5 29
87 29
25 33
47 80
47 83
83 50
37 88
59 7
21 58
78 60
57 24
27 16
89 7
65 82
49 77
32 81
27 84
68 32
49 20
22 63
28 43
40 89
74 56
43 35
79 71
73 15
43 80
3 75
16 10
27 72
13 77
73 38
5 7
10 50
41 44
5 38
78 64
51 71
15 5
28 40
21 77
12 89
81 29
85 87
61 80
43 89
12 45
32 39
40 84
54 88
27 63
31 88
15 30
26 8
67 72
63 12
25 59
46 35
40 86
36 71
38 1
21 56
74 37
17 71
60 29
2 84
47 79
15 78
52 13
72 26
77 38
42 14
53 41
17 24
52 29
86 71
31 61
81 26
23 83
4 80
9 1
86 48
38 34
51 2
21 8
52 41
81 78
11 14
3 71
3 52
30 86
25 1
46 20
28 37
30 58
61 20
22 72
74 34
10 84
82 11
17 33
42 74
43 45
78 58
74 70
79 10
45 82
59 39
25 10
16 58
27 58
15 20
62 66
43 7
45 88
67 33
76 14
56 50
45 80
66 70
21 53
13 62
68 35
75 50
5 37
22 83
12 17
22 54
74 71
88 11
45 7
23 16
34 90
46 17
73 1
19 37
35 48
67 76
25 8
67 41
51 6
22 11
68 39
42 6
28 31
53 38
74 66
77 26
28 35
19 54
40 45
49 61
37 8
70 56
55 75
21 78
3 47
49 30
60 20
31 83
78 87
42 53
1 24
39 8
55 69
6 35
15 62
60 87
72 90
18 56
81 76
90 14
23 64
42 44
71 14
15 69
25 12
34 33
55 15
45 75
16 24
15 82
51 17
70 1
22 71
30 64
19 78
86 58
37 34
45 38
59 8
81 20
14 87
5 54
31 17
4 58
4 6
48 56
32 43
60 8
79 38
13 26
32 30
55 58
82 50
82 14
68 50
37 56
80 56
51 65
5 45
16 71
67 52
37 17
51 4
23 8
2 70
51 73
74 54
51 42
5 10
31 81
19 42
52 17
3 79
22 87
34 20
53 69
65 23
74 84
80 77
48 58
46 1
3 76
18 6
21 34
73 36
40 8
5 58
30 33
67 26
27 59
53 82
5 90
35 86
32 59
80 84
68 16
28 25
10 59
37 29
60 23
31 62
55 13
31 35
34 24
13 74
53 71
53 35
79 59
55 36
31 75
28 76
21 83
10 29
57 83
75 87
67 7
77 56
68 57
13 36
82 24
19 23
47 33
61 24
51 33
40 24
88 36
55 82
53 12
36 50
72 32
59 29
6 20
57 41
46 23
25 17
61 41
61 36
5 23
55 87
68 23
19 9
43 77
73 72
61 60
3 31
55 61
18 66
42 33
77 2
67 10
79 11
28 86
22 38
61 14
72 6
78 8
68 78
2 64
63 82
88 33
77 70
84 39
63 56
25 77
44 17
11 8
68 90
4 83
4 70
57 82
12 77
72 24
13 89
45 66
65 17
32 33
72 5
45 54
3 54
41 54
9 52
40 35
60 26
1 7
48 29
53 34
21 64
60 82
68 88
82 87
5 64
86 83
60 80
15 63
80 58
65 5
27 60
18 53
66 8
19 39
73 47
76 2
10 24
39 50
61 76
9 78
55 53
42 61
9 4
75 26
5 70
77 87
3 27
9 53
3 55
4 44
19 59
13 69
58 39
9 73
49 83
83 8
78 69
77 54
43 24
49 12
23 11
78 20
65 12
19 12
65 8
68 30
68 85
37 75
19 72
48 26
84 64
73 88
6 24
21 48
12 1
21 89
73 41
61 29
88 58
74 39
83 69
89 87
55 50
47 8
64 1
60 14
23 85
42 45
62 71
65 48
78 85
49 41
76 1
21 86
5 24
63 5
42 75
83 58
15 54
53 1
41 17
6 58
23 54
39 1
37 70
21 30
4 36
62 14
86 66
60 69
27 33
47 13
42 36
27 6
3 87
55 7
42 43
23 56
49 69
4 84
84 34
12 7
61 70
52 12
30 7
75 90
10 58
28 82
84 66
59 66
43 6
44 33
31 26
2 59
57 90
65 88
10 48
5 41
78 48
27 80
68 2
82 20
2 56
16 54
40 78
79 48
86 80
40 44
78 24
65 54
22 36
54 59
15 64
43 69
63 69
73 42
10 26
51 64
39 20
19 75
81 14
35 2
73 7
19 5
43 56
46 66
16 44
63 62
77 83
28 47
17 90
45 89
53 2
12 38
28 14
40 27
49 62
18 61
18 7
73 4
18 87
46 5
67 53
83 88
68 59
3 46
30 26
70 87
68 13
45 69
38 82
33 8
68 62
51 37
72 87
48 1
52 87
10 8
53 64
86 89
52 59
55 86
55 5
28 78
81 87
67 71
23 26
16 87
47 76
22 1
30 34
3 4
41 24
68 47
68 89
72 42
65 24
73 89
67 14
31 45
51 68
42 82
12 85
39 56
22 34
57 85
11 64
5 60
54 50
32 24
17 59
60 90
6 45
4 17
28 33
34 70
27 87
60 41
52 62
57 74
19 84
44 90
9 44
3 17
67 18
72 79
40 29
30 57
79 69
55 83
24 87
61 7
43 64
21 76
65 81
63 83
23 59
57 34
22 6
57 59
52 2
57 89
46 31
73 24
49 15
20 8
53 61
85 33
86 50
13 84
65 56
45 2
27 67
42 77
77 50
84 20
65 75
28 15
42 5
18 82
3 66
78 75
49 45
12 14
56 8
22 17
83 34
46 54
44 7
42 2
61 16
32 16
61 34
13 6
75 84
43 61
83 7
72 59
12 44
40 47
1 29
16 80
41 7
85 75
51 24
65 6
40 14
3 82
9 15
2 54
90 87
72 56
90 69
9 36
46 81
51 20
73 75
3 8
49 89
70 69
83 66
7 24
62 59
67 69
55 16
19 1
78 33
5 74
86 29
31 74
3 9
22 44
79 83
85 11
28 77
73 52
11 70
47 87
12 64
78 34
65 58
43 87
46 14
20 1
8 69
18 12
51 70
31 69
23 82
3 88
55 80
82 58
67 68
43 50
74 26
78 88
58 66
57 84
5 39
79 39
34 64
86 20
37 86
25 21
2 90
55 2
32 57
19 62
41 29
3 62
63 32
42 34
81 42
45 58
75 20
55 9
49 59
36 90
31 68
18 79
28 79
31 20
43 38
54 17
74 35
37 62
37 14
84 70
12 16
62 26
34 88
65 4
59 24
28 12
31 30
61 23
28 34
73 71
55 37
40 85
58 11
28 66
9 30
25 63
61 39
7 8
15 26
81 61
16 50
51 15
9 14
42 57
60 79
5 17
40 17
88 50
37 38
21 80
49 37
33 36
89 48
18 14
79 85
22 18
32 77
4 41
89 50
33 87
44 59
58 26
14 29
9 84
44 64
78 83
25 72
54 71
9 71
40 88
39 7
54 36
60 44
84 88
38 17
82 70
74 33
38 64
10 7
48 90
78 59
53 23
19 47
61 38
13 29
40 68
79 2
57 38
40 58
25 24
42 86
73 26
72 82
78 11
79 36
5 1
46 61
22 67
79 88
31 78
47 35
47 39
30 84
55 24
9 49
3 53
68 64
22 45
81 90
65 43
17 7
49 7
30 87
73 74
49 11
68 43
62 39
78 54
49 50
49 84
50 87
51 38
61 8
9 27
40 50
28 17
78 6
72 13
22 55
52 79
75 17
44 56
55 65
10 56
73 76
52 83
51 79
51 27
9 33
72 14
5 14
41 11
35 50
81 74
18 90
17 88
71 69
27 69
52 56
19 24
3 81
21 61
9 82
84 90
79 58
75 70
52 43
37 90
55 21
81 48
12 75
61 58
12 26
51 86
5 53
13 61
67 80
85 38
64 71
13 71
55 11
74 10
34 14
47 90
49 1
55 44
63 71
51 69
40 73
54 90
46 85
48 39
9 74
19 35
81 43
40 38
42 70
13 76
27 47
19 83
32 74
67 11
51 85
85 56
65 45
23 10
81 37
15 59
38 90
41 34
19 48
77 34
39 26
51 26
73 63
9 58
3 6
82 59
75 88
9 61
34 39
59 11
81 5
35 24
41 89
31 90
28 22
81 54
65 34
9 56
26 20
55 57
4 39
54 11
81 12
73 35
26 87
28 62
76 90
46 33
76 80
86 8
72 35
47 61
49 34
67 66
19 3
75 41
18 86
79 62
15 53
6 88
4 16
9 67
49 79
20 56
25 54
86 62
38 59
5 61
15 60
48 71
19 34
79 87
67 86
55 20
51 50
13 1
40 90
43 60
12 23
27 39
20 29
42 78
35 62
63 78
89 71
10 14
61 12
83 11
16 76
53 16
23 1
27 54
16 41
5 12
9 60
4 14
21 20
43 58
4 33
1 8
19 44
83 20
9 6
31 37
66 71
62 58
41 48
61 88
70 71
40 12
3 68
73 90
45 10
25 32
35 54
24 29
38 39
13 39
35 16
61 48
81 57
13 48
36 8
57 1
42 87
30 17
74 85
40 18
28 64
55 26
81 60
30 2
52 23
21 59
3 2
67 12
74 64
23 75
49 35
65 64
61 82
78 62
15 35
21 84
86 82
43 66
80 44
6 71
81 7
46 13
86 84
40 10
55 17
76 41
51 56
52 24
2 62
82 39
46 65
6 56
47 48
46 58
13 33
85 41
42 83
61 59
21 15
78 79
68 84
62 90
48 17
12 83
46 45
32 20
47 10
47 7
31 72
9 59
88 66
18 75
43 34
25 86
32 79
47 69
63 14
19 32
44 8
66 69
76 10
37 35
28 4
32 26
30 56
57 29
67 85
75 62
52 82
49 38
68 79
25 85
81 33
30 61
68 71
72 33
77 20
2 87
28 23
32 80
45 90
54 64
60 75
70 50
68 20
43 57
68 52
48 64
3 74
43 23
2 58
4 87
43 48
25 61
2 26
48 83
73 48
44 29
46 89
49 58
35 33
47 12
74 86
65 33
13 44
86 44
17 1
18 74
18 4
31 10
31 63
18 8
15 52
3 56
65 63
84 71
21 69
65 2
40 6
15 81
39 71
43 16
13 85
6 54
12 48
45 33
13 2
33 69
10 17
18 29
41 20
79 12
85 45
76 50
60 1
85 86
49 48
79 29
58 24
31 58
22 74
1 14
61 69
52 11
15 18
46 82
30 89
35 84
68 41
57 80
55 51
37 39
43 54
18 50
33 70
30 11
40 65
38 50
4 62
7 50
6 69
31 67
23 41
60 70
60 62
21 11
21 65
18 81
73 30
51 11
43 88
35 87
85 83
86 11
75 59
52 86
40 31
37 23
45 56
32 7
89 84
73 82
65 89
15 1
38 33
67 87
4 1
30 66
64 7
46 2
47 59
43 8
15 84
60 11
85 66
68 33
67 13
80 39
30 59
18 64
45 29
35 17
10 20
48 66
54 1
82 64
81 52
73 18
79 41
72 76
57 39
27 86
65 39
5 57
81 6
18 26
9 65
21 43
65 53
47 84
13 23
32 76
88 26
51 58
49 39
27 18
42 8
10 39
52 34
89 8
57 66
53 76
37 83
10 11
31 54
30 10
70 29
46 62
65 11
46 67
46 37
80 14
3 45
84 48
36 11
62 24
32 12
49 23
74 45
59 1
73 58
79 24
74 69
30 85
18 80
72 4
51 10
84 62
30 79
76 71
3 32
26 64
55 63
6 29
74 6
22 59
3 39
82 1
84 36
73 2
25 64
31 47
83 90
45 44
74 83
48 34
9 87
3 70
2 29
62 64
23 90
9 50
18 44
51 1
49 33
86 41
42 50
88 14
65 14
22 79
15 89
46 43
44 38
43 2
89 58
13 12
53 87
68 56
18 77
53 83
80 17
25 26
49 60
6 87
73 78
10 82
35 89
46 76
57 54
37 10
32 70
15 36
88 70
12 39
13 87
86 70
S 86 70
C 1
M
