80 1560 3
68 62 29 45 3 41 0 11 91 30 95 78 32 40 39 74 17 93 63 98 9 72 53 15 86 4 33 97 67 31 18 19 48 51 44 96 5 21 85 6 42 1 36 56 82 90 12 70 71 7 20 55 2 92 84 89 10 64 87 46 28 66 49 47 83 26 25 81 37 14 99 27 58 59 38 79 24 73 54 34
21 43
20 58
33 10
28 2
16 79
51 17
14 43
44 16
70 43
57 3
61 32
62 49
22 43
5 2
64 2
14 64
57 76
9 3
66 6
63 10
47 73
61 55
23 29
48 74
61 79
80 1
72 35
48 30
75 22
32 54
64 30
44 34
28 10
18 10
24 49
57 15
53 15
47 11
37 79
65 39
11 65
46 36
16 19
13 43
12 72
59 54
19 46
78 49
37 26
76 34
40 52
66 37
22 32
75 28
80 36
57 56
33 67
7 28
59 27
78 34
65 54
55 28
49 15
80 10
26 61
39 77
31 4
57 53
70 80
53 50
76 72
26 35
38 13
78 54
24 45
69 39
12 9
80 11
53 65
5 41
78 22
20 77
26 53
68 13
27 11
51 18
40 32
41 58
37 45
67 10
68 39
68 17
44 43
64 65
47 67
38 25
56 10
7 9
36 74
24 56
79 11
72 56
64 60
48 59
23 14
48 47
68 1
14 78
62 56
62 24
37 46
55 31
79 71
40 11
22 34
68 42
64 61
75 50
70 50
48 40
23 43
63 52
2 58
65 25
11 35
29 72
68 30
24 38
40 4
1 8
59 35
26 30
66 58
7 21
31 67
46 28
69 64
70 22
47 21
78 35
80 34
61 56
24 35
44 41
27 80
24 9
68 63
24 77
69 78
61 70
29 8
47 71
25 56
19 28
40 35
5 45
13 4
6 35
20 53
44 1
76 19
7 74
75 15
48 25
29 52
47 50
35 4
66 72
75 58
42 43
11 56
26 39
36 10
11 45
29 56
70 2
50 46
24 68
62 38
33 41
63 29
6 49
79 31
9 1
22 52
13 35
66 61
20 22
21 29
62 31
68 21
35 3
14 63
75 71
57 54
80 17
33 31
59 1
59 39
46 52
72 67
4 8
14 40
75 30
12 5
20 49
13 22
14 10
57 18
40 2
45 3
69 19
67 15
6 22
47 34
23 9
73 1
26 78
20 9
76 46
40 65
49 45
47 77
60 77
66 45
62 29
67 2
53 55
37 55
48 65
57 17
47 12
23 72
22 35
14 4
27 76
46 56
12 3
47 27
50 67
23 57
69 62
7 16
27 18
38 49
19 1
24 26
23 51
42 79
76 9
36 8
69 31
14 11
29 58
17 36
7 20
9 45
4 39
59 29
70 31
64 21
53 39
6 52
6 17
48 62
12 17
7 8
3 74
26 58
38 4
13 70
20 25
51 55
57 32
47 43
37 33
51 54
14 2
68 9
70 5
26 33
75 29
22 45
76 50
68 80
44 73
62 6
27 10
16 45
20 35
46 71
55 45
1 56
72 30
49 72
12 2
47 3
49 28
11 9
72 2
16 3
69 17
59 68
41 34
75 35
42 28
6 77
20 65
61 18
72 77
20 31
11 28
62 60
6 45
33 25
17 77
6 47
4 54
44 79
17 65
12 1
23 16
5 15
69 10
79 29
73 34
40 63
49 25
59 2
21 28
3 18
78 70
45 74
59 31
12 52
71 4
64 28
64 73
35 8
71 8
19 15
66 79
44 33
76 29
44 78
59 70
19 22
52 54
72 25
66 21
27 12
21 32
63 74
27 41
80 58
5 18
61 41
12 22
13 29
76 52
38 11
60 56
73 31
40 51
37 73
32 25
57 55
15 43
61 39
27 8
38 29
7 6
79 41
24 65
19 54
63 12
70 65
13 54
55 46
47 54
20 54
70 34
63 35
79 15
44 32
29 10
75 78
57 51
21 55
73 58
70 58
14 20
19 18
61 54
3 67
7 56
2 39
48 72
61 35
49 46
64 46
69 36
48 67
76 2
14 3
5 36
22 39
68 16
79 46
62 30
64 43
29 67
75 17
44 70
16 33
51 80
62 1
49 67
3 39
40 44
38 70
59 17
7 4
25 10
44 6
62 10
48 31
61 51
6 41
69 51
19 32
7 65
48 14
45 52
47 76
79 35
51 36
4 67
37 44
17 56
26 32
78 12
21 54
21 74
50 32
9 56
9 15
21 5
44 53
28 36
44 31
48 53
27 22
73 54
66 47
37 21
7 27
48 19
48 66
53 72
42 21
33 77
23 52
40 26
13 30
40 45
60 12
18 8
42 61
37 20
7 43
32 4
7 17
12 36
28 34
42 17
51 49
48 43
39 54
64 53
40 77
20 56
6 18
75 49
13 65
51 31
14 60
75 3
75 46
29 2
1 34
60 70
55 11
22 41
75 11
62 63
76 21
21 67
30 74
26 19
66 22
73 28
65 2
24 32
32 45
72 45
12 4
11 36
45 39
7 64
75 18
48 80
30 54
26 55
57 45
60 22
7 61
71 10
2 8
33 58
13 16
62 3
69 53
13 74
22 71
63 19
67 8
42 36
29 45
4 34
79 72
9 65
60 65
49 33
57 74
15 8
78 2
55 36
38 79
44 9
48 11
47 13
6 65
38 20
71 15
17 74
72 52
6 58
21 25
6 39
20 34
19 65
40 16
38 56
17 45
66 40
44 68
64 9
32 36
23 49
68 8
19 11
68 79
42 72
46 32
56 67
76 4
27 3
19 43
62 76
31 56
7 70
66 65
63 53
7 67
40 22
76 70
26 38
5 56
11 52
21 41
66 63
42 49
70 30
1 36
11 3
63 67
39 43
49 22
37 41
23 28
41 43
57 12
42 53
44 10
76 15
65 77
11 54
42 2
42 46
25 39
47 60
57 16
69 71
57 8
34 74
40 47
62 55
42 15
51 10
49 65
69 2
35 15
73 22
76 61
49 17
44 12
22 33
40 42
19 31
50 77
29 54
7 5
66 76
7 60
60 80
75 80
16 50
32 10
27 63
38 42
73 50
62 71
24 8
53 80
66 41
44 22
30 10
66 53
24 40
48 75
6 32
35 77
49 32
62 74
38 80
48 55
13 32
21 60
24 31
14 49
62 12
62 4
56 15
51 8
27 61
39 15
1 41
1 30
24 66
55 67
23 79
33 5
1 31
38 9
50 35
12 58
16 41
59 50
73 30
38 53
38 39
48 2
13 8
66 3
14 27
75 42
67 52
37 34
69 63
41 77
51 9
69 9
16 5
66 18
65 30
47 80
9 67
22 58
66 4
26 49
7 80
49 43
29 3
42 12
51 39
62 36
55 4
63 15
75 47
62 32
73 51
21 77
29 74
24 63
10 54
24 2
57 47
59 63
70 49
57 31
30 8
25 41
24 79
50 22
1 65
69 25
24 4
10 77
24 53
76 17
27 16
65 31
27 1
27 21
29 5
78 52
1 67
23 56
73 77
57 25
12 71
27 43
20 33
42 58
6 73
3 52
11 4
50 25
69 68
11 10
35 30
22 2
26 2
68 38
26 11
47 31
13 41
56 34
14 28
48 36
69 76
75 38
60 79
37 25
61 19
75 19
66 36
5 4
78 67
32 18
13 53
76 79
49 58
16 70
13 3
33 15
69 67
42 60
3 30
13 31
21 46
21 70
60 28
75 4
27 71
55 43
1 58
21 30
48 61
2 74
37 35
16 53
58 34
38 32
22 25
53 9
4 2
19 56
46 45
12 46
73 43
13 18
73 35
20 18
32 2
16 1
19 17
23 30
11 32
69 42
38 41
76 56
66 49
31 34
24 70
35 25
64 38
61 80
72 22
37 30
23 24
60 29
62 58
66 51
6 33
78 80
31 36
59 13
9 33
62 80
69 26
75 21
56 74
76 58
75 74
44 59
48 70
31 43
55 12
79 34
18 67
62 7
73 33
73 55
24 30
79 43
3 28
79 30
75 10
5 28
41 30
6 3
21 72
1 5
23 13
63 46
27 55
60 67
14 34
76 80
40 56
57 44
59 16
23 7
23 50
37 8
14 77
33 30
59 30
35 1
57 40
23 33
14 76
42 1
32 1
24 16
77 8
35 10
21 8
48 51
80 3
68 20
75 26
46 5
79 18
37 10
79 67
23 63
60 2
23 22
26 42
57 59
24 72
52 10
17 28
26 22
57 46
21 10
62 44
16 32
13 55
5 58
41 18
32 5
62 35
48 52
64 10
14 73
55 56
40 74
68 28
75 60
40 10
11 71
32 43
52 2
68 60
51 25
47 28
20 36
47 78
19 52
53 12
24 42
55 72
27 53
76 10
60 46
45 28
69 18
51 71
62 2
41 15
71 3
57 64
9 2
80 8
47 72
78 39
23 15
46 8
2 34
57 24
66 19
25 36
23 65
46 30
61 9
76 33
38 30
48 38
69 38
76 12
38 50
69 27
24 80
40 59
19 41
36 58
76 8
6 59
42 8
62 41
20 67
44 54
26 8
36 43
51 41
49 11
57 68
24 3
76 60
42 10
78 18
61 72
75 68
37 47
6 20
40 53
16 65
80 9
14 35
20 32
21 4
7 12
16 28
64 49
80 12
16 77
66 31
23 5
63 61
11 22
26 16
20 55
47 51
47 33
24 13
72 3
37 71
59 64
62 42
78 30
26 71
79 56
26 34
24 59
26 46
37 43
75 31
53 5
59 26
61 65
24 25
13 20
66 39
7 41
23 60
23 77
69 29
21 50
26 47
21 58
7 3
70 36
61 46
23 69
41 74
44 47
57 11
75 65
68 78
12 43
40 19
33 3
49 80
38 71
45 10
52 58
61 12
71 77
7 73
64 29
69 74
64 19
57 5
69 46
50 34
24 51
65 71
63 34
6 30
41 67
46 9
71 28
53 34
48 37
13 58
29 46
14 17
11 72
55 25
42 80
17 43
60 19
33 71
66 59
51 56
79 33
64 34
63 79
30 36
75 33
48 27
23 42
63 77
57 52
6 71
27 64
19 45
13 77
51 77
45 58
44 36
27 42
79 32
75 16
61 49
62 54
29 15
70 3
63 33
47 17
45 2
51 43
66 9
55 74
60 15
76 43
63 43
66 46
69 11
29 33
1 28
47 4
73 71
72 74
70 55
42 22
9 5
47 53
13 28
1 77
6 16
62 5
68 67
80 31
53 41
16 80
6 76
12 30
19 9
16 17
12 56
78 1
70 8
21 1
80 72
75 36
62 59
68 55
78 43
20 8
47 16
42 77
20 12
50 65
79 12
3 15
72 41
47 55
42 67
7 55
19 36
7 35
75 2
80 46
44 76
32 58
18 43
68 73
12 74
78 51
22 4
37 61
2 43
26 13
24 11
62 47
76 3
38 72
20 28
2 54
12 34
62 52
55 10
13 2
48 28
40 80
61 22
57 33
73 8
26 31
57 22
53 46
69 59
56 30
17 58
59 71
24 20
30 43
22 74
42 74
57 21
48 49
29 65
41 39
40 41
50 72
5 10
60 74
57 72
48 6
60 55
48 18
70 10
50 55
63 56
18 77
37 77
57 73
46 10
6 11
13 51
71 67
64 18
13 34
24 1
79 36
29 31
79 22
14 45
22 31
76 55
13 67
46 77
75 55
18 36
68 11
32 67
78 42
22 28
2 15
16 9
35 43
44 8
24 44
37 39
59 11
50 1
57 41
37 75
35 2
46 67
64 35
60 30
44 5
48 3
68 32
6 46
68 15
55 39
78 16
37 31
63 11
42 71
78 20
59 76
75 43
50 29
10 15
53 33
73 52
53 1
69 24
48 17
22 17
55 52
79 55
78 32
24 6
46 1
27 9
71 2
62 25
44 71
26 4
71 34
71 30
74 43
28 77
27 2
57 37
40 36
6 78
18 58
9 4
24 75
32 33
12 41
5 74
19 33
16 21
75 61
68 74
73 80
37 12
42 39
26 41
31 18
68 72
75 59
21 52
79 9
44 7
59 42
59 4
47 79
25 77
61 1
7 25
78 21
38 74
76 1
70 79
66 27
6 64
16 67
7 18
62 65
14 51
75 9
16 10
20 73
58 54
79 28
55 34
55 32
38 15
70 53
79 58
76 18
64 17
59 18
55 33
57 10
75 41
66 32
23 35
12 25
64 20
59 56
11 77
23 20
7 68
4 43
55 29
33 54
55 3
19 3
17 2
32 74
49 35
63 36
21 39
29 71
79 80
64 54
49 3
6 53
48 15
42 51
70 4
53 45
62 8
14 37
59 77
68 65
52 77
32 28
70 29
77 15
62 50
51 52
60 25
62 39
66 44
19 51
38 28
11 30
29 18
48 41
16 4
44 2
14 68
64 25
6 54
65 67
40 46
48 42
59 34
40 75
32 3
37 63
66 55
33 8
35 17
49 34
57 79
78 15
55 58
32 15
63 73
66 17
80 35
11 25
11 15
3 58
52 43
73 25
6 26
5 54
39 74
47 29
44 35
49 71
73 65
53 49
7 78
20 46
56 54
37 54
61 3
69 57
6 60
24 58
13 50
18 52
48 63
42 63
37 36
14 41
59 49
64 15
65 45
48 34
36 34
37 29
28 52
19 35
75 72
59 52
50 33
63 28
26 79
76 20
48 13
80 39
48 32
53 30
34 43
68 4
61 2
76 78
11 1
51 11
21 18
42 25
69 43
75 13
46 4
53 67
41 3
40 7
26 65
44 63
50 58
48 24
49 5
48 60
16 61
68 50
75 8
21 61
35 74
73 2
42 55
22 8
76 54
61 8
33 34
50 80
42 5
7 53
30 15
14 67
68 5
66 70
78 10
50 10
63 60
17 34
79 8
12 28
75 52
63 70
38 58
16 11
13 11
9 74
57 65
64 51
79 5
73 74
76 51
79 2
33 36
61 34
1 3
44 60
27 74
24 28
62 27
49 29
76 36
16 22
47 42
37 51
17 39
40 72
23 75
69 47
57 60
41 10
27 51
80 52
46 18
38 33
70 72
19 50
66 34
40 79
72 43
48 64
48 73
17 30
73 3
28 8
73 5
63 49
69 80
73 12
20 21
42 52
14 26
26 1
23 48
4 45
62 70
37 18
62 22
38 36
76 53
76 28
46 54
48 46
37 28
49 18
13 63
21 19
75 6
69 48
50 45
9 43
44 30
40 20
65 34
67 77
19 67
75 54
23 59
20 30
37 50
60 54
69 41
49 55
59 20
68 76
48 79
S 48 79
C 1
M
