50 600 3
49 21 46 12 15 35 91 32 94 98 7 39 47 23 42 65 67 88 64 57 44 0 24 71 69 97 28 14 90 56 36 43 83 22 54 76 82 70 74 2 33 73 81 99 26 72 52 18 85 5
18 35
37 16
29 6
49 36
20 23
39 36
25 12
27 35
4 28
19 12
31 17
49 16
4 21
10 19
46 36
49 1
30 37
23 42
30 1
46 45
34 21
31 30
5 35
15 47
3 28
29 14
20 22
15 38
37 5
25 23
33 47
39 35
19 14
23 35
10 45
34 35
10 34
37 32
19 18
6 42
3 41
34 6
18 14
40 45
11 36
40 16
25 5
9 37
49 6
2 22
41 16
9 32
11 12
40 42
39 33
29 26
48 22
17 33
25 22
23 28
26 48
43 36
20 44
27 40
41 23
10 22
19 17
20 10
9 22
40 19
29 9
2 25
2 44
9 25
25 32
49 38
43 12
40 18
48 28
36 37
39 28
23 18
13 35
39 34
13 41
10 21
45 41
10 14
10 37
41 8
20 38
27 2
33 5
20 31
9 18
43 18
30 47
46 37
20 47
19 47
6 47
33 38
43 26
10 11
36 14
41 26
25 35
2 3
45 30
44 28
40 31
3 37
23 1
19 15
11 37
19 34
15 14
16 26
4 18
20 35
18 38
40 10
17 1
10 33
9 19
31 25
27 26
34 26
17 42
36 23
44 47
10 7
50 44
45 15
19 45
38 47
40 1
23 44
31 1
18 16
45 26
46 12
49 14
46 19
4 6
13 47
9 26
41 6
9 49
20 1
38 12
44 12
40 47
36 12
43 41
19 26
50 12
31 15
6 35
23 47
30 22
35 48
25 16
49 37
41 47
4 16
25 17
31 32
43 47
16 42
20 16
29 15
6 8
4 47
47 24
9 23
39 17
40 38
15 33
39 2
3 21
4 22
20 4
40 11
17 37
4 38
27 23
9 34
37 14
45 50
36 24
20 18
32 21
17 22
46 34
20 24
5 16
27 9
33 12
40 9
49 12
38 32
40 22
11 15
15 7
29 31
50 21
10 35
45 5
18 47
31 47
33 22
9 16
9 17
49 19
4 11
43 7
45 33
11 21
11 47
29 4
36 48
25 50
29 1
17 38
36 7
13 44
15 48
13 12
27 45
37 38
13 8
2 34
29 8
31 10
34 48
13 34
21 28
49 21
25 47
27 7
15 37
13 14
50 35
23 50
33 14
27 4
46 3
37 48
36 22
13 26
35 1
46 22
20 21
10 16
19 22
50 5
2 24
31 16
13 33
38 6
45 1
5 42
45 21
23 14
43 13
27 18
46 9
25 1
16 7
20 48
29 16
9 14
4 42
47 22
40 7
37 50
43 22
43 31
9 13
18 8
5 6
19 7
13 38
35 22
21 47
38 26
10 17
16 47
9 12
49 34
30 28
29 30
27 41
40 24
5 24
31 5
25 33
9 41
30 33
27 46
4 10
11 45
43 4
31 2
2 11
31 33
11 18
25 48
2 16
37 7
19 5
50 26
17 28
20 30
50 24
2 17
41 22
33 28
43 39
11 8
30 7
46 5
41 48
9 45
39 47
26 42
4 49
39 45
14 44
5 21
29 25
24 22
10 5
26 44
46 4
40 44
45 3
16 48
9 42
34 50
49 7
11 22
3 33
34 14
13 28
46 23
9 31
37 47
3 50
33 37
35 47
19 35
16 35
20 9
15 1
29 40
9 48
4 25
34 24
34 38
33 50
40 4
49 28
46 38
45 23
10 28
1 42
5 12
50 48
43 19
19 32
49 26
50 47
32 1
46 44
7 48
28 8
40 26
37 12
9 24
6 44
43 16
27 49
33 35
25 18
2 1
17 48
46 26
39 18
39 38
41 5
10 18
43 28
10 47
4 26
13 48
40 5
37 26
9 3
50 32
44 21
27 25
17 44
31 35
43 11
45 8
19 44
11 16
15 23
16 28
4 44
38 1
20 12
40 32
19 48
39 12
11 19
33 8
43 46
14 8
47 8
19 16
25 7
33 7
40 30
23 38
25 11
15 16
41 18
17 16
9 28
31 41
34 42
34 45
15 17
33 18
26 22
41 1
29 46
13 11
39 8
19 50
13 17
40 36
38 14
10 2
13 10
34 12
29 44
1 12
13 50
15 12
2 23
4 5
4 17
45 37
11 30
35 28
2 6
25 26
25 15
2 12
20 11
13 24
14 1
31 49
2 32
39 26
29 38
17 14
49 3
13 7
9 35
27 24
36 8
38 22
23 22
19 41
25 36
49 18
29 49
43 20
37 6
27 50
13 45
29 48
19 21
12 24
16 12
41 50
43 40
25 42
43 34
26 8
41 35
3 5
5 7
25 41
14 16
18 1
31 34
9 1
13 25
44 48
23 48
31 12
3 47
4 48
30 18
5 44
6 7
43 45
11 33
28 42
16 1
41 36
3 38
5 26
13 2
31 44
2 38
16 22
20 34
15 42
6 22
34 17
36 50
4 33
41 15
41 32
1 22
16 6
27 12
14 7
30 35
10 49
18 12
14 6
33 1
43 24
20 2
47 28
19 6
25 6
17 50
29 17
3 16
19 23
42 8
39 6
19 28
3 26
14 24
20 15
15 6
29 11
3 48
10 32
6 24
4 32
2 49
38 42
45 44
39 4
8 22
34 22
23 7
27 42
44 22
27 38
17 30
30 44
34 3
29 24
4 7
45 7
14 32
27 16
13 16
9 10
31 36
32 47
39 5
13 1
46 6
4 2
49 23
3 7
38 35
41 30
21 42
13 23
18 22
15 50
26 12
29 3
40 37
10 24
3 32
S 3 32
C 1
M
