20 90 3
7 38 15 3 12 14 43 82 42 87 70 96 19 67 62 53 77 16 72 49
10 5
13 7
19 7
20 4
14 18
8 4
20 6
16 5
5 17
12 15
8 3
10 11
20 17
1 7
16 20
8 5
15 18
1 6
12 11
19 3
19 18
3 2
3 6
16 2
5 2
10 2
3 11
12 17
7 14
18 6
1 3
12 4
17 6
15 11
9 5
12 2
3 14
10 12
9 11
13 2
18 2
1 18
8 2
11 6
20 18
15 2
13 14
13 16
8 14
1 14
20 2
1 5
13 18
20 14
19 5
16 11
3 5
17 15
1 13
3 16
3 7
7 11
14 11
9 8
3 18
13 15
17 11
8 11
16 12
12 20
1 9
7 2
19 14
10 18
8 16
20 15
9 15
19 11
17 4
16 15
16 17
1 4
1 19
13 4
9 20
10 9
5 12
5 6
10 13
19 15
S 19 15
C 1
M
