40 380 3
95 88 15 47 84 29 82 31 78 39 25 41 59 38 46 92 2 71 75 97 99 10 50 40 17 66 79 96 77 24 5 49 0 36 26 64 9 53 18 85
5 7
32 26
7 31
22 8
1 18
32 5
14 28
29 19
4 40
23 36
34 8
21 16
1 25
14 33
5 35
38 35
28 10
30 31
10 16
1 35
40 38
5 2
7 9
33 16
2 19
14 31
7 2
39 13
39 37
40 19
3 23
8 36
12 2
34 39
5 24
20 23
23 37
35 33
17 29
11 32
25 31
17 21
2 9
29 39
27 18
29 9
40 37
9 33
21 13
3 18
12 15
24 28
40 39
4 22
11 21
6 20
4 21
27 35
1 5
29 31
2 23
9 24
29 27
38 25
19 38
39 36
23 10
4 18
13 33
1 38
4 13
17 25
30 36
30 38
9 35
1 23
6 26
40 32
37 31
21 31
34 10
6 24
5 16
24 8
9 16
1 31
2 38
3 25
17 15
40 6
36 16
1 19
34 26
39 10
32 23
6 34
12 19
5 25
19 31
12 18
28 16
1 10
30 34
4 19
12 32
29 35
22 13
11 30
6 13
6 28
14 23
11 31
24 13
34 31
34 37
7 18
17 3
40 16
8 31
12 10
7 8
4 16
27 23
4 9
32 28
40 25
9 15
11 8
14 34
12 31
15 31
26 25
29 10
20 10
2 18
27 15
12 35
26 33
11 38
32 39
40 1
6 16
17 20
11 24
4 7
34 25
32 2
6 10
8 13
23 28
4 3
36 31
11 25
21 25
40 20
24 16
26 21
34 16
34 13
7 33
6 36
27 10
19 36
6 7
40 31
39 26
20 13
39 28
37 35
4 39
39 18
12 1
20 15
29 30
9 26
30 39
38 28
37 10
20 33
4 1
8 35
32 21
22 31
1 7
21 36
30 10
31 18
23 39
5 39
17 30
11 34
7 30
3 6
26 10
32 22
27 24
28 37
23 15
23 26
5 26
7 28
11 20
1 8
19 37
5 18
5 28
22 24
33 18
34 36
24 26
17 22
1 33
5 31
14 1
24 18
14 20
12 7
6 19
12 29
1 36
11 37
17 9
26 8
9 18
40 30
13 16
2 26
6 38
32 10
22 10
40 21
4 28
32 19
11 36
11 35
3 39
9 10
14 13
27 20
39 21
9 13
20 39
8 10
2 13
5 9
27 6
17 5
40 8
34 18
12 13
40 13
32 24
14 36
3 21
19 39
23 24
17 11
23 18
29 33
40 26
5 13
36 33
20 31
14 21
32 16
24 10
38 37
17 23
27 28
11 27
29 26
37 33
2 24
30 23
25 8
30 25
14 2
29 34
24 33
4 31
1 15
30 24
15 13
39 38
38 8
14 19
20 16
34 33
17 37
20 25
29 21
32 34
20 35
12 22
3 15
3 7
17 19
5 36
17 6
11 16
7 21
17 39
7 37
3 30
22 39
26 37
2 31
15 10
29 28
1 27
23 33
4 38
19 33
22 18
5 22
3 14
16 18
21 37
29 1
4 5
20 22
5 34
29 3
25 16
20 26
19 10
5 19
17 10
3 13
30 26
9 37
32 13
11 28
34 35
40 15
3 37
30 21
2 21
3 19
6 39
1 26
20 9
34 23
31 10
23 31
17 26
32 30
35 13
22 37
5 21
1 24
17 31
12 17
40 7
27 8
4 32
30 13
4 25
11 4
12 4
11 14
32 38
2 25
20 7
31 16
34 24
4 26
30 16
12 21
5 37
10 18
40 27
17 38
23 38
3 40
30 28
12 6
38 18
12 23
17 34
S 17 34
C 1
M
