S T
C *
M 1 4 2 3 
M 1 4 2 3 
M 1 4 2 3 
M 1 4 2 3 
M 1 4 2 3 
0.429
S T
C *
M 1 4 2 3 
M 1 4 2 3 
M 1 4 2 3 
M 1 4 2 3 
M 1 4 2 3 
0.189
S T
C *
M 1 4 2 3 
M 1 4 2 3 
M 1 4 2 3 
M 1 4 2 3 
M 1 4 2 3 
0.156
S T
C *
M 1 4 2 3 
M 1 4 2 3 
M 1 4 2 3 
M 1 4 2 3 
M 1 4 2 3 
0.148
S T
C *
M 1 4 2 3 
M 1 4 2 3 
M 1 4 2 3 
M 1 4 2 3 
M 1 4 2 3 
0.142
S T
C *
M 1 4 2 3 
M 1 4 2 3 
M 1 4 2 3 
M 1 4 2 3 
M 1 4 2 3 
0.148
S T
C *
M 1 4 2 3 
M 1 4 2 3 
M 1 4 2 3 
M 1 4 2 3 
M 1 4 2 3 
0.142
S T
C *
M 1 4 2 3 
M 1 4 2 3 
M 1 4 2 3 
M 1 4 2 3 
M 1 4 2 3 
0.148
S T
C *
M 1 4 2 3 
M 1 4 2 3 
M 1 4 2 3 
M 1 4 2 3 
M 1 4 2 3 
0.178
S T
C *
M 1 4 2 3 
M 1 4 2 3 
M 1 4 2 3 
M 1 4 2 3 
M 1 4 2 3 
0.202
