0.156
0.111
0.143
0.151
0.148
0.122
0.104
0.13
0.14
0.135
0.102
0.131
0.139
0.135
0.102
0.129
0.136
0.185
0.11
0.127
0.142
0.141
0.101
0.122
0.128
0.141
0.108
0.136
0.108
0.103
0.137
0.109
0.116
0.102
0.1
0.107
0.102
0.113
0.109
0.101
0.105
0.107
0.112
0.117
0.101
0.101
0.106
0.112
0.118
0.101
0.101
0.114
0.111
0.12
0.101
0.101
0.106
0.109
0.122
0.111
0.114
0.101
0.107
0.128
0.108
0.115
0.103
0.101
0.107
0.102
0.107
0.112
0.102
0.1
0.101
0.11
0.118
0.101
0.1
0.124
0.11
0.114
0.101
0.106
0.107
0.107
0.111
0.113
0.102
0.101
0.125
0.108
0.121
0.101
0.106
0.107
0.114
0.126
0.102
0.101
