0.097
0.04
0.037
0.032
0.053
0.035
0.031
0.03
0.03
0.029
0.04
0.031
0.029
0.03
0.029
0.04
0.032
0.03
0.03
0.032
0.03
0.03
0.029
0.029
0.029
0.045
0.045
0.035
0.031
0.03
0.029
0.029
0.03
0.03
0.029
0.029
0.03
0.03
0.03
0.029
0.03
0.029
0.043
0.038
0.035
0.031
0.048
0.039
0.032
0.03
0.03
0.029
0.043
0.042
0.033
0.031
0.03
0.029
0.029
0.029
0.03
0.029
0.03
0.03
0.03
0.043
0.041
0.036
0.046
0.035
0.031
0.029
0.029
0.029
0.029
0.029
0.029
0.029
0.029
0.029
0.03
0.029
0.031
0.035
0.042
0.033
0.03
0.03
0.041
0.044
0.034
0.031
0.03
0.029
0.03
0.03
0.03
0.038
0.032
0.03
