0.178
0.119
0.113
0.105
0.116
0.102
0.099
0.102
0.099
0.098
0.098
0.098
0.114
0.104
0.114
0.1
0.098
0.099
0.098
0.098
0.098
0.115
0.1
0.098
0.098
0.108
0.112
0.113
0.103
0.1
0.098
0.113
0.104
0.1
0.099
0.1
0.098
0.098
0.118
0.101
0.098
0.097
0.108
0.102
0.111
0.102
0.116
0.105
0.115
0.104
0.101
0.099
0.098
0.098
0.098
0.103
0.098
0.099
0.098
0.098
0.109
0.089
0.1
0.099
0.099
0.098
0.098
0.098
0.113
0.114
0.103
0.099
0.099
0.098
0.11
0.138
0.131
0.114
0.104
0.1
0.099
0.098
0.098
0.098
0.118
0.1
0.098
0.098
0.098
0.098
0.097
0.111
0.103
0.099
0.108
0.101
0.113
0.105
0.113
0.112
