0.129
0.033
0.03
0.028
0.026
0.025
0.029
0.028
0.026
0.025
0.024
0.027
0.024
0.025
0.027
0.031
0.025
0.024
0.03
0.026
0.029
0.026
0.025
0.028
0.039
0.026
0.025
0.026
0.024
0.026
0.025
0.025
0.025
0.024
0.024
0.024
0.024
0.016
0.025
0.024
0.023
0.026
0.024
0.03
0.031
0.028
0.026
0.035
0.025
0.024
0.024
0.024
0.024
0.024
0.026
0.025
0.03
0.028
0.025
0.024
0.027
0.025
0.025
0.029
0.027
0.025
0.025
0.027
0.026
0.025
0.03
0.027
0.029
0.028
0.027
0.025
0.025
0.024
0.028
0.026
0.024
0.023
0.023
0.023
0.025
0.024
0.029
0.027
0.023
0.023
0.023
0.023
0.023
0.023
0.04
0.024
0.022
0.028
0.024
0.025
