0.108
0.056
0.053
0.04
0.042
0.039
0.038
0.038
0.037
0.037
0.037
0.038
0.037
0.037
0.042
0.037
0.037
0.037
0.037
0.036
0.042
0.05
0.041
0.039
0.038
0.037
0.037
0.038
0.048
0.039
0.037
0.037
0.037
0.037
0.037
0.037
0.037
0.051
0.042
0.039
0.038
0.037
0.038
0.037
0.037
0.05
0.037
0.037
0.037
0.037
0.037
0.039
0.037
0.038
0.037
0.037
0.036
0.037
0.037
0.037
0.04
0.038
0.037
0.037
0.037
0.05
0.038
0.037
0.037
0.037
0.037
0.037
0.038
0.037
0.037
0.037
0.037
0.037
0.037
0.036
0.037
0.051
0.042
0.039
0.038
0.037
0.038
0.038
0.037
0.037
0.037
0.048
0.04
0.037
0.038
0.039
0.038
0.037
0.037
0.038
