0.058
0.027
0.017
0.015
0.016
0.015
0.015
0.015
0.015
0.015
0.015
0.014
0.015
0.014
0.014
0.016
0.015
0.015
0.014
0.015
0.015
0.015
0.015
0.016
0.016
0.015
0.015
0.015
0.015
0.015
0.015
0.015
0.016
0.015
0.016
0.016
0.016
0.015
0.015
0.013
0.014
0.014
0.016
0.015
0.015
0.015
0.015
0.015
0.014
0.013
0.013
0.014
0.015
0.015
0.016
0.016
0.016
0.015
0.015
0.017
0.016
0.015
0.014
0.014
0.014
0.015
0.015
0.015
0.016
0.015
0.015
0.016
0.016
0.015
0.016
0.017
0.016
0.015
0.014
0.015
0.015
0.053
0.019
0.016
0.016
0.016
0.013
0.009
0.009
0.009
0.008
0.009
0.008
0.009
0.009
0.009
0.009
0.008
0.009
0.008
