0.633
0.518
0.491
0.499
0.498
0.494
0.498
0.515
0.525
0.502
0.496
0.497
0.508
0.494
0.498
0.493
0.495
0.493
0.505
0.511
0.497
0.497
0.492
0.496
0.506
0.522
0.493
0.495
0.501
0.523
0.508
0.487
0.495
0.495
0.508
0.499
0.49
0.499
0.515
0.516
0.522
0.513
0.526
0.528
0.489
0.497
0.51
0.491
0.501
0.493
0.531
0.499
0.516
0.523
0.495
0.496
0.494
0.494
0.503
0.503
0.492
0.499
0.502
0.496
0.492
0.506
0.494
0.493
0.504
0.494
0.509
0.494
0.495
0.525
0.496
0.516
0.511
0.493
0.53
0.491
0.496
0.504
0.531
0.493
0.493
0.497
0.496
0.494
0.501
0.497
0.513
0.489
0.526
0.487
0.521
0.486
0.521
0.491
0.501
0.522
