0.094
0.037
0.031
0.026
0.024
0.024
0.024
0.024
0.024
0.024
0.047
0.026
0.024
0.024
0.024
0.024
0.023
0.025
0.023
0.024
0.023
0.024
0.024
0.024
0.024
0.027
0.024
0.024
0.025
0.026
0.024
0.024
0.024
0.023
0.024
0.023
0.024
0.023
0.024
0.024
0.024
0.023
0.024
0.023
0.027
0.024
0.024
0.035
0.036
0.027
0.025
0.024
0.024
0.024
0.024
0.023
0.024
0.023
0.041
0.026
0.025
0.024
0.025
0.024
0.023
0.024
0.023
0.024
0.024
0.023
0.025
0.024
0.024
0.024
0.023
0.024
0.023
0.024
0.027
0.025
0.024
0.04
0.03
0.025
0.024
0.024
0.023
0.024
0.024
0.023
0.024
0.038
0.029
0.028
0.024
0.024
0.023
0.024
0.028
0.024
