0.468
0.49
0.484
0.496
0.532
0.499
0.489
0.479
0.49
0.515
0.505
0.475
0.5
0.518
0.5
0.491
0.477
0.526
0.515
0.531
0.49
0.484
0.489
0.502
0.517
0.496
0.483
0.49
0.498
0.487
0.485
0.496
0.518
0.519
0.499
0.483
0.49
0.503
0.517
0.486
0.488
0.473
0.501
0.496
0.476
0.496
0.517
0.492
0.49
0.524
0.494
0.517
0.519
0.5
0.488
0.473
0.504
0.52
0.496
0.479
0.502
0.31
0.252
0.247
0.248
0.248
0.247
0.246
0.274
0.247
0.246
0.246
0.246
0.246
0.246
0.245
0.246
0.245
0.246
0.245
0.246
0.245
0.245
0.27
0.246
0.253
0.248
0.247
0.248
0.245
0.245
0.246
0.247
0.246
0.247
0.246
0.246
0.245
0.285
0.245
