0.184
0.162
0.165
0.16
0.149
0.154
0.161
0.163
0.151
0.153
0.166
0.147
0.219
0.166
0.146
0.157
0.188
0.219
0.275
0.231
0.24
0.161
0.208
0.234
0.288
0.322
0.252
0.272
0.3
0.272
0.312
0.273
0.31
0.28
0.305
0.294
0.303
0.3
0.302
0.298
0.276
0.337
0.275
0.308
0.288
0.302
0.3
0.303
0.301
0.303
0.298
0.281
0.295
0.29
0.306
0.3
0.332
0.301
0.301
0.3
0.302
0.301
0.302
0.3
0.302
0.347
0.269
0.307
0.285
0.303
0.3
0.302
0.302
0.301
0.298
0.301
0.311
0.302
0.301
0.272
0.302
0.285
0.301
0.302
0.3
0.3
0.3
0.301
0.3
0.3
0.316
0.303
0.284
0.28
0.3
0.278
0.311
0.275
0.312
0.278
