0.234
0.377
0.413
0.39
0.396
0.422
0.382
0.432
0.389
0.399
0.417
0.383
0.421
0.371
0.419
0.386
0.392
0.419
0.384
0.409
0.417
0.381
0.4
0.246
0.342
0.416
0.366
0.423
0.378
0.416
0.389
0.386
0.423
0.373
0.415
0.39
0.391
0.374
0.413
0.394
0.379
0.419
0.39
0.379
0.419
0.382
0.409
0.417
0.381
0.41
0.417
0.382
0.411
0.418
0.379
0.413
0.378
0.401
0.384
0.388
0.421
0.388
0.396
0.419
0.381
0.411
0.416
0.379
0.412
0.414
0.378
0.413
0.392
0.377
0.421
0.386
0.387
0.389
0.387
0.421
0.385
0.411
0.46
0.379
0.411
0.415
0.381
0.413
0.413
0.379
0.413
0.416
0.363
0.419
0.383
0.396
0.418
0.387
0.418
0.381
