0.141
0.089
0.079
0.072
0.083
0.073
0.07
0.069
0.068
0.068
0.084
0.069
0.082
0.073
0.071
0.069
0.069
0.068
0.068
0.068
0.072
0.082
0.073
0.07
0.069
0.084
0.071
0.069
0.068
0.068
0.072
0.069
0.069
0.068
0.068
0.081
0.07
0.08
0.074
0.07
0.069
0.069
0.069
0.068
0.068
0.085
0.071
0.08
0.09
0.072
0.069
0.082
0.075
0.071
0.086
0.073
0.069
0.069
0.082
0.074
0.071
0.069
0.068
0.068
0.068
0.072
0.05
0.071
0.069
0.079
0.08
0.08
0.081
0.085
0.07
0.068
0.069
0.069
0.068
0.069
0.068
0.068
0.068
0.082
0.07
0.069
0.077
0.085
0.063
0.075
0.07
0.069
0.07
0.092
0.088
0.071
0.082
0.091
0.071
0.093
