0.7
0.652
0.631
0.638
0.649
0.623
0.603
0.614
0.624
0.633
0.64
0.618
0.653
0.614
0.611
0.614
0.609
0.624
0.629
0.624
0.601
0.623
0.613
0.622
0.613
0.609
0.629
0.617
0.625
0.656
0.625
0.632
0.629
0.638
0.61
0.618
0.625
0.655
0.606
0.612
0.614
0.633
0.623
0.603
0.612
0.627
0.635
0.662
0.633
0.627
0.63
0.611
0.611
0.616
0.623
0.612
0.604
0.611
0.636
0.626
0.612
0.63
0.629
0.626
0.637
0.666
0.611
0.612
0.612
0.61
0.611
0.612
0.619
0.609
0.62
0.611
0.628
0.608
0.642
0.654
0.622
0.624
0.625
0.618
0.6
0.628
0.608
0.612
0.613
0.618
0.631
0.614
0.62
0.614
0.609
0.625
0.602
0.612
0.626
0.608
